#名前,"性別(0=両,1=男,2=女)","タイプ(0=両方,1=剣士,2=ガンナー)",レア度,スロット数,入手時期／集☆（99=集入手不可）,入手時期／村☆（99=村入手不可）,初期防御力,最終防御力,火耐性,水耐性,雷耐性,氷耐性,龍耐性,スキル系統1,スキル値1,スキル系統2,スキル値2,スキル系統3,スキル値3,スキル系統4,スキル値4,スキル系統5,スキル値5,生産素材1,個数,生産素材2,個数,生産素材3,個数,生産素材4,個数
ブレイブグラブ,0,0,1,0,1,1,1,55,2,0,0,0,1,採取,3,運気,2,体力,-2,乗り,2,,,竜骨【小】,1,,,,,,
レザーグラブ,0,0,1,1,1,1,1,55,-1,0,0,0,1,採取,1,気まぐれ,1,,,,,,,暖かい毛皮,2,,,,,,
チェーングラブ,0,0,1,1,1,1,4,57,2,1,-2,1,0,体力,1,腹減り,2,,,,,,,鉄鉱石,1,砥石,2,,,,
ハンターアーム,0,1,1,1,1,1,6,98,0,1,-3,0,0,調合成功率,1,狩人,3,毒,-1,,,,,大地の結晶,1,ジャギィの鱗,2,ツタの葉,1,,
ハンターガード,0,2,1,1,1,1,3,56,1,2,-2,1,1,調合成功率,1,狩人,3,毒,-1,,,,,大地の結晶,1,ジャギィの鱗,2,ツタの葉,1,,
ボーンアーム,0,1,1,1,1,2,7,99,1,0,-1,-2,0,KO,3,笛,1,,,,,,,なぞの骨,2,竜骨【小】,2,モンスターの体液,2,,
ボーンガード,0,2,1,1,1,2,4,57,2,1,0,-1,1,KO,3,笛,1,,,,,,,なぞの骨,2,竜骨【小】,2,モンスターの体液,2,,
アロイアーム,0,1,1,1,1,1,8,100,-1,1,-2,-1,0,防御,2,採取,-1,風圧,1,,,,,マカライト鉱石,2,大地の結晶,2,鉄鉱石,4,,
アロイガード,0,2,1,1,1,1,4,57,0,2,-1,0,1,採取,-1,散弾強化,1,散弾追加,2,,,,,マカライト鉱石,2,大地の結晶,2,鉄鉱石,4,,
リノプロアーム,0,1,2,1,1,3,8,100,1,-1,-1,-1,1,砲術,2,KO,3,気絶,-2,耐泥耐雪,1,,,草食竜の甲殻,2,竜骨【中】,4,鉄鉱石,2,,
リノプロガード,0,2,2,1,1,3,4,57,2,0,0,0,2,砲術,2,KO,2,気絶,-2,耐泥耐雪,1,,,草食竜の甲殻,2,竜骨【中】,4,鉄鉱石,2,,
ブナハグローブ,0,1,2,0,1,2,10,102,-4,-1,2,-1,2,攻撃,-2,特殊攻撃,2,納刀,3,麻痺,1,,,飛甲虫の羽,3,飛甲虫の甲殻,2,甲虫の腹袋,2,光蟲,2
ブナハカフス,0,2,2,0,1,2,5,57,-3,0,3,0,3,攻撃,-2,特殊攻撃,2,納刀,3,麻痺,1,,,飛甲虫の羽,3,飛甲虫の甲殻,2,甲虫の腹袋,2,光蟲,2
ジャギィアーム,0,1,2,1,1,2,10,102,-2,0,0,0,1,研ぎ師,4,効果持続,-2,気絶,1,,,,,狗竜の爪,2,狗竜の皮,3,ジャギィの鱗,2,大地の結晶,2
ジャギィガード,0,2,2,1,1,2,5,57,-1,1,1,1,2,装填速度,4,効果持続,-2,気絶,1,,,,,狗竜の爪,2,狗竜の皮,3,ジャギィの鱗,2,大地の結晶,2
クンチュウアーム,0,1,2,1,1,2,12,102,2,2,2,2,2,防御,6,雷耐性,-2,,,,,,,盾虫の甲殻,5,とがった牙,3,鉄鉱石,2,のりこねバッタ,1
クンチュウガード,0,2,2,1,1,2,6,57,3,3,3,3,3,防御,6,雷耐性,-2,,,,,,,盾虫の甲殻,5,とがった牙,3,鉄鉱石,2,のりこねバッタ,1
ゲネポスアーム,0,1,2,1,2,3,12,102,1,1,-2,-3,2,特殊攻撃,3,回復速度,-2,麻痺,1,,,,,ドスゲネポスの皮,2,ゲネポスの鱗,3,鉄鉱石,2,ゲネポスの麻痺牙,5
ゲネポスガード,0,2,2,1,2,3,6,57,2,2,-1,-2,3,特殊攻撃,3,回復速度,-2,麻痺,1,,,,,ドスゲネポスの皮,2,ゲネポスの鱗,3,鉄鉱石,2,ゲネポスの麻痺牙,5
ランポスアーム,0,1,2,0,1,2,13,103,0,0,0,-4,2,攻撃,4,千里眼,2,麻痺,-2,気絶,1,,,ドスランポスの爪,2,ドスランポスの皮,3,ランポスの鱗,2,大地の結晶,3
ランポスガード,0,2,2,0,1,2,7,58,1,1,1,-3,3,攻撃,4,千里眼,2,麻痺,-2,気絶,1,,,ドスランポスの爪,2,ドスランポスの皮,3,ランポスの鱗,2,大地の結晶,3
アシラアーム,0,1,2,1,99,3,13,103,-2,1,0,-1,1,高速収集,3,食いしん坊,1,腹減り,-2,ハチミツ,2,,,青熊獣の甲殻,2,青熊獣の毛,2,甲虫の腹袋,1,,
アシラガード,0,2,2,1,99,3,7,58,-1,2,1,0,2,高速収集,3,食いしん坊,1,腹減り,-2,ハチミツ,2,,,青熊獣の甲殻,2,青熊獣の毛,2,甲虫の腹袋,1,,
ハイメタアーム,0,1,2,1,2,4,14,102,-2,-2,3,-1,0,砲術,2,体力,1,スタミナ,-1,,,,,ドラグライト鉱石,3,マカライト鉱石,2,鉄鉱石,4,とがった爪,2
ハイメタガード,0,2,2,1,2,4,7,58,-1,-1,4,0,1,砲術,2,体力,1,スタミナ,-1,,,,,ドラグライト鉱石,3,マカライト鉱石,2,鉄鉱石,4,とがった爪,2
バトルアーム,0,1,2,1,3,5,14,102,2,-2,-2,-1,0,攻撃,2,聴覚保護,-2,ガード性能,3,,,,,翼蛇竜の皮,1,暖かい毛皮,1,コンガの毛,5,大地の結晶,2
バトルガード,0,2,2,1,3,5,7,58,3,-1,-1,0,1,攻撃,2,聴覚保護,-2,ガード強化,3,,,,,翼蛇竜の皮,1,暖かい毛皮,1,コンガの毛,5,大地の結晶,2
ケチャアーム,0,1,2,1,1,3,14,102,-3,2,-2,0,2,運気,-2,水属性攻撃,3,気まぐれ,1,,,,,奇猿狐の毛,3,奇猿狐の長骨,2,竜骨【小】,2,ツタの葉,3
ケチャガード,0,2,2,1,1,3,7,58,-2,3,-1,1,3,運気,-2,水属性攻撃,3,気まぐれ,1,,,,,奇猿狐の毛,3,奇猿狐の長骨,2,竜骨【小】,2,ツタの葉,3
ゲリョスアーム,0,1,2,2,1,3,14,102,-4,1,2,-2,0,スタミナ,3,腹減り,-2,毒,2,,,,,ゴム質の皮,3,大地の結晶,2,マカライト鉱石,2,,
ゲリョスガード,0,2,2,2,1,3,7,58,-3,2,3,-1,1,スタミナ,3,腹減り,-2,毒,2,,,,,ゴム質の皮,3,大地の結晶,2,マカライト鉱石,2,,
コンガアーム,0,1,2,1,2,4,14,102,-3,1,1,-1,2,細菌学,2,食いしん坊,1,腹減り,-2,,,,,桃毛獣の毛,2,とがった爪,3,獣骨,4,キラビートル,1
コンガガード,0,2,2,1,2,4,7,58,-2,2,2,0,3,細菌学,2,食いしん坊,1,腹減り,-2,,,,,桃毛獣の毛,2,とがった爪,3,獣骨,4,キラビートル,1
ルドロスアーム,0,1,2,1,99,3,15,103,-3,2,-1,-1,1,スタミナ,1,水属性攻撃,3,雷耐性,-2,耐暑,2,,,水獣の爪,1,ランポスの鱗,2,海綿質の皮,2,水袋,2
ルドロスガード,0,2,2,1,99,3,7,58,-2,3,0,0,2,スタミナ,1,水属性攻撃,3,雷耐性,-1,耐暑,2,,,水獣の爪,1,ランポスの鱗,2,海綿質の皮,2,水袋,2
ウルクアーム,0,1,2,1,2,4,15,103,-2,2,-1,2,2,回避距離,2,耐暑,-1,耐寒,3,,,,,白兎獣の氷爪,2,白兎獣の毛,2,白兎獣の腹甲,1,肉厚な皮,4
ウルクガード,0,2,2,1,2,4,8,58,-1,3,0,3,3,回避距離,2,耐暑,-1,耐寒,3,,,,,白兎獣の氷爪,2,白兎獣の毛,2,白兎獣の腹甲,1,肉厚な皮,4
イーオスアーム,0,1,2,1,3,5,15,103,0,-3,-3,2,2,特殊攻撃,3,毒,1,気絶,-2,,,,,ドスイーオスの皮,1,イーオスの毒牙,5,イーオスの鱗,2,鉄鉱石,2
イーオスガード,0,2,2,1,3,5,8,58,1,-2,-2,3,3,特殊攻撃,3,毒,1,気絶,-2,,,,,ドスイーオスの皮,1,イーオスの毒牙,5,イーオスの鱗,2,鉄鉱石,2
ガブラスーツグラブ,0,1,2,2,3,99,15,103,1,-2,2,1,-3,属性解放,2,属性耐性,-1,毒,1,,,,,縞模様の皮,5,火竜の翼膜,2,キラビートル,1,蟲のコイン,1
ガブラスーツハンド,0,2,2,2,3,99,8,58,2,-1,3,2,-2,属性解放,2,属性耐性,-1,毒,1,,,,,縞模様の皮,5,火竜の翼膜,2,キラビートル,1,蟲のコイン,1
カブラアーム,0,1,2,1,1,3,16,104,2,-3,-2,0,1,防御,2,採取,-1,体力,1,研ぎ師,2,,,鬼蛙の爪,1,鬼蛙の甲殻,2,鬼蛙の鱗,2,カワズの油,2
カブラガード,0,2,2,1,1,3,8,58,3,-2,-1,1,2,装填速度,2,防御,2,採取,-1,体力,1,,,鬼蛙の爪,1,鬼蛙の甲殻,2,鬼蛙の鱗,2,カワズの油,2
クックアーム,0,1,2,0,1,2,16,104,2,-1,-2,-3,2,攻撃,3,火属性攻撃,3,水耐性,-1,,,,,怪鳥の鱗,3,怪鳥の甲殻,2,怪鳥の翼膜,2,,
クックガード,0,2,2,0,1,2,8,58,3,0,-1,-2,3,攻撃,3,火属性攻撃,3,水耐性,-1,,,,,怪鳥の鱗,3,怪鳥の甲殻,2,怪鳥の翼膜,2,,
キングロブスタアーム,0,1,4,1,99,4,16,104,-2,5,-5,2,-2,回避性能,2,回避距離,1,火耐性,-3,,,,,エビの小殻,2,化け鮫のヒレ,1,カワズの油,2,大地の結晶,4
キングロブスタガード,0,2,4,1,99,4,8,58,-1,6,-4,3,-1,回避性能,2,回避距離,1,火耐性,-3,,,,,エビの小殻,2,化け鮫のヒレ,1,カワズの油,2,大地の結晶,4
ボロスアーム,0,1,2,1,99,4,18,106,-4,4,1,-2,0,攻撃,3,防御,2,ガード性能,1,腹減り,-2,,,土砂竜の甲殻,2,草食竜の甲殻,3,竜骨【小】,4,,
ボロスガード,0,2,2,0,99,4,8,58,-3,5,2,-1,1,攻撃,3,防御,1,精密射撃,4,腹減り,-2,,,土砂竜の甲殻,2,草食竜の甲殻,3,竜骨【小】,4,,
インゴットアーム,0,1,3,1,3,5,18,106,-2,-2,2,0,0,ガード強化,1,納刀,3,雷属性攻撃,2,気まぐれ,-2,,,紅蓮石,1,ドラグライト鉱石,4,鉄鉱石,8,マカライト鉱石,5
インゴットガード,0,2,3,1,3,5,8,58,-1,-1,3,1,1,反動,2,散弾強化,2,雷属性攻撃,2,気まぐれ,-2,,,紅蓮石,1,ドラグライト鉱石,4,鉄鉱石,8,マカライト鉱石,5
バサルアーム,0,1,2,1,2,3,18,106,0,-2,1,1,-3,耐暑,2,毒,2,麻痺,-2,睡眠,1,,,岩竜の甲殻,3,マカライト鉱石,5,毒袋,3,大地の結晶,10
バサルガード,0,2,2,1,2,3,9,59,1,-1,2,2,-2,耐暑,2,毒,2,麻痺,-2,睡眠,1,,,岩竜の甲殻,3,マカライト鉱石,5,毒袋,3,大地の結晶,10
ガーディアンアーム,1,1,4,1,2,99,18,106,0,0,0,0,0,採取,-2,砲術,4,加護,2,,,,,ドラグライト鉱石,2,闘技王のコイン,3,鳥竜のコイン,3,,
ガーディアンガード,1,2,4,1,2,99,9,59,1,1,1,1,1,採取,-2,広域,3,加護,2,,,,,ドラグライト鉱石,2,闘技王のコイン,3,鳥竜のコイン,3,,
ヘルパーグラブ,2,1,4,1,2,99,18,106,0,0,0,0,0,採取,-2,砲術,4,加護,2,,,,,ドラグライト鉱石,2,闘技王のコイン,3,鳥竜のコイン,3,,
ヘルパーカフス,2,2,4,1,2,99,9,59,1,1,1,1,1,採取,-2,広域,3,加護,2,,,,,ドラグライト鉱石,2,闘技王のコイン,3,鳥竜のコイン,3,,
ロワーガマーノ,1,1,4,1,3,5,18,106,-4,0,3,-1,1,属性解放,1,聴覚保護,1,龍属性攻撃,3,加護,-3,,,オオクワアゲハ,1,レビテライト鉱石,2,アルビノエキス,5,にが虫,10
ロワーガブラッソ,1,2,4,1,3,5,9,59,-3,1,4,0,2,属性解放,1,聴覚保護,1,龍属性攻撃,3,加護,-3,,,オオクワアゲハ,1,レビテライト鉱石,2,アルビノエキス,5,にが虫,10
ファルメルマーノ,2,1,4,1,3,5,18,106,-4,0,3,-1,1,属性解放,1,聴覚保護,1,龍属性攻撃,3,加護,-3,,,オオクワアゲハ,1,レビテライト鉱石,2,アルビノエキス,5,にが虫,10
ファルメルブラッソ,2,2,4,1,3,5,9,59,-3,1,4,0,2,属性解放,1,聴覚保護,1,龍属性攻撃,3,加護,-3,,,オオクワアゲハ,1,レビテライト鉱石,2,アルビノエキス,5,にが虫,10
マギュルラーマ,0,1,4,0,99,4,19,107,-4,1,0,2,0,重撃,2,溜め短縮,3,調合成功率,1,調合数,2,回復速度,3,ペピポパンプキン,2,キラビートル,2,ツラヌキの実,10,トウガラシ,10
マギュルアスト,0,2,4,0,99,4,9,59,-3,2,1,3,1,重撃,2,溜め短縮,3,調合成功率,1,調合数,2,回復速度,3,ペピポパンプキン,2,キラビートル,2,ツラヌキの実,10,トウガラシ,10
スキュラアーム,0,1,2,0,2,4,19,107,-2,2,-2,1,2,観察眼,1,腹減り,-2,高速設置,4,睡眠,3,,,影蜘蛛の爪,2,影蜘蛛の甲殻,2,モンスターの体液,2,盾虫の甲殻,2
スキュラガード,0,2,2,0,2,4,9,59,-1,3,-1,2,3,観察眼,1,腹減り,-2,高速設置,4,睡眠,3,,,影蜘蛛の爪,2,影蜘蛛の甲殻,2,モンスターの体液,2,盾虫の甲殻,2
フルフルアーム,0,1,2,1,2,4,19,107,-4,1,1,2,1,雷属性攻撃,3,回復量,2,,,,,,,アルビノの中落ち,1,ブヨブヨした皮,2,鉄鉱石,6,雷光虫,1
フルフルガード,0,2,2,1,2,4,10,60,-3,2,2,3,2,雷属性攻撃,3,回復量,2,,,,,,,アルビノの中落ち,1,ブヨブヨした皮,2,鉄鉱石,6,雷光虫,1
レイアアーム,0,1,2,1,2,4,19,107,2,0,-2,0,-3,体力,1,火属性攻撃,3,回復速度,-2,,,,,火竜の翼爪,2,雌火竜の甲殻,2,雌火竜の棘,1,大地の結晶,5
レイアガード,0,2,2,1,2,4,10,60,3,1,-1,1,-2,体力,1,火属性攻撃,3,回復速度,-2,,,,,火竜の翼爪,2,雌火竜の甲殻,2,雌火竜の棘,1,大地の結晶,5
アーティアアーム,0,1,3,1,3,5,20,108,0,-3,-3,1,2,ガード強化,1,研ぎ師,-5,気力回復,5,,,,,さびた破片,4,レビテライト鉱石,3,大地の結晶,10,,
アーティアガード,0,2,3,1,3,5,10,60,1,-2,-2,2,3,装填速度,-5,反動,5,精密射撃,1,,,,,さびた破片,4,レビテライト鉱石,3,大地の結晶,10,,
ザボアアーム,0,1,2,1,2,4,20,108,-2,2,-3,2,0,氷属性攻撃,3,肉食,1,腹減り,-2,,,,,化け鮫のヒレ,1,化け鮫の鱗,2,化け鮫の皮,3,氷結袋,3
ザボアガード,0,2,2,1,2,4,10,60,-1,3,-2,3,1,氷属性攻撃,3,肉食,1,腹減り,-2,,,,,化け鮫のヒレ,1,化け鮫の鱗,2,化け鮫の皮,3,氷結袋,3
ガララアーム,0,1,2,0,2,4,20,108,1,-2,0,-4,1,捕獲,3,聴覚保護,2,気まぐれ,-2,麻痺,3,,,絞蛇竜の牙,3,絞蛇竜の骨髄,1,絞蛇竜の鳴甲,2,垂皮竜の皮,3
ガララガード,0,2,2,0,2,4,10,60,2,-1,1,-3,2,捕獲,3,聴覚保護,2,気まぐれ,-2,麻痺,3,,,絞蛇竜の牙,3,絞蛇竜の骨髄,1,絞蛇竜の鳴甲,2,垂皮竜の皮,3
ガノスアーム,0,1,4,1,99,4,20,108,-4,3,-5,2,2,捕獲,3,スタミナ,2,耐暑,2,高速設置,4,,,水竜の鱗,3,肉厚な皮,2,カワズの油,2,,
ガノスガード,0,2,4,1,99,4,10,60,-3,4,-4,3,3,捕獲,2,スタミナ,1,耐暑,2,高速設置,4,,,水竜の鱗,3,肉厚な皮,2,カワズの油,2,,
ギルドバードアーム,1,1,4,1,3,99,20,108,0,0,0,0,0,運気,3,広域,4,気配,-3,,,,,レビテライト鉱石,1,蟲のコイン,2,鳥竜のコイン,3,闘技王のコイン,3
ギルドバードカフス,1,2,4,1,3,99,10,60,1,1,1,1,1,運気,3,広域,4,気配,-3,,,,,レビテライト鉱石,1,蟲のコイン,2,鳥竜のコイン,3,闘技王のコイン,3
スカラーグラブ,2,1,4,1,3,99,20,108,0,0,0,0,0,運気,3,広域,4,気配,-3,,,,,レビテライト鉱石,1,蟲のコイン,2,鳥竜のコイン,3,闘技王のコイン,3
スカラーカフス,2,2,4,1,3,99,10,60,1,1,1,1,1,運気,3,広域,4,気配,-3,,,,,レビテライト鉱石,1,蟲のコイン,2,鳥竜のコイン,3,闘技王のコイン,3
ジンオウアーム,0,1,3,1,3,5,21,109,0,-2,2,-4,1,本気,1,雷属性攻撃,3,気配,-2,,,,,雷狼竜の爪,3,雷狼竜の逆鱗,1,雷狼竜の帯電毛,2,超電雷光虫,2
ジンオウガード,0,2,3,1,3,5,10,60,1,-1,3,-3,2,本気,1,雷属性攻撃,3,気配,-2,,,,,雷狼竜の爪,3,雷狼竜の逆鱗,1,雷狼竜の帯電毛,2,超電雷光虫,2
セルタスアーム,0,1,3,2,3,5,21,109,-3,3,-1,-2,2,砲術,2,斬れ味,1,気力回復,-2,,,,,重甲虫の胸殻,3,重甲虫の甲殻,5,重甲虫の大顎,2,モンスターの体液,3
セルタスガード,0,2,3,2,3,5,10,60,-2,3,0,-1,3,砲術,2,榴弾追加,2,気力回復,-2,,,,,重甲虫の胸殻,3,重甲虫の甲殻,5,重甲虫の大顎,2,モンスターの体液,3
ハプルアーム,0,1,2,1,99,5,21,109,2,0,-2,-4,1,納刀,3,食事,2,,,,,,,鮮やかな体液,1,大きな骨,2,甲虫の大顎,2,,
ハプルガード,0,2,2,1,99,5,10,60,3,1,-1,-3,2,納刀,3,食事,2,,,,,,,鮮やかな体液,1,大きな骨,2,甲虫の大顎,2,,
ギザミアーム,0,1,2,1,99,5,21,109,1,2,-1,-1,0,匠,2,達人,-2,斬れ味,1,研ぎ師,3,,,鎌蟹の鋏,1,鎌蟹の甲殻,2,とがった爪,2,,
ギザミガード,0,2,2,1,99,5,10,60,2,3,0,0,1,防御,-1,貫通弾強化,2,貫通弾追加,1,精密射撃,2,,,鎌蟹の鋏,1,鎌蟹の甲殻,2,とがった爪,2,,
ゴアアーム,0,1,3,2,3,5,21,109,-4,2,-3,1,-2,細菌学,3,闘魂,1,火耐性,-3,,,,,黒蝕竜の惨爪,2,黒蝕竜の鱗,2,黒蝕竜の甲殻,4,ドラグライト鉱石,5
ゴアガード,0,2,3,2,3,5,11,61,-3,3,-2,2,-1,細菌学,3,闘魂,1,火耐性,-3,,,,,黒蝕竜の惨爪,2,黒蝕竜の鱗,2,黒蝕竜の甲殻,4,ドラグライト鉱石,5
レックスアーム,0,1,3,1,3,5,22,110,2,-1,-4,0,-2,攻撃,2,研ぎ師,-2,食いしん坊,2,,,,,轟竜の牙,4,轟竜の鱗,3,轟竜の爪,4,狗竜の皮,2
レックスガード,0,2,3,1,3,5,11,61,3,0,-3,1,-1,反動,-2,攻撃,2,食いしん坊,2,,,,,轟竜の牙,4,轟竜の鱗,3,轟竜の爪,4,狗竜の皮,2
ブラキアーム,0,1,3,2,3,6,22,110,2,-4,0,-2,0,闘魂,1,回避性能,-2,爆弾強化,2,,,,,砕竜の黒曜甲,3,砕竜の拳,2,なぞの粘菌,3,紅蓮石,5
ブラキガード,0,2,3,2,3,6,11,61,3,-3,1,-1,1,闘魂,1,回避性能,-2,爆弾強化,3,,,,,砕竜の黒曜甲,3,砕竜の拳,2,なぞの粘菌,3,紅蓮石,5
ナルガアーム,0,1,3,2,99,5,22,110,-2,1,-4,1,1,痛撃,1,回避性能,2,スタミナ,-2,回避距離,1,,,迅竜の刃翼,3,上竜骨,5,垂皮竜の皮,5,,
ナルガガード,0,2,3,2,99,5,11,61,-1,2,-3,2,2,痛撃,1,回避性能,2,スタミナ,-2,回避距離,1,,,迅竜の刃翼,3,上竜骨,5,垂皮竜の皮,5,,
グラビドアーム,0,1,3,2,3,5,23,111,2,-3,0,1,-2,防御,1,ガード性能,2,スタミナ,-2,,,,,鎧竜の甲殻,6,睡眠袋,4,竜骨【大】,5,ドラグライト鉱石,3
グラビドガード,0,2,3,2,3,5,12,62,3,-2,1,2,-1,反動,2,防御,1,スタミナ,-2,,,,,鎧竜の甲殻,6,睡眠袋,4,竜骨【大】,5,ドラグライト鉱石,3
レウスアーム,0,1,3,1,3,5,23,111,2,0,-2,0,-3,攻撃,5,火属性攻撃,2,回復量,-2,,,,,火竜の尻尾,1,火竜の翼爪,1,火竜の骨髄,2,ドラグライト鉱石,3
レウスガード,0,2,3,1,3,5,12,62,3,1,-1,1,-2,攻撃,4,火属性攻撃,2,回復量,-2,,,,,火竜の尻尾,1,火竜の翼爪,1,火竜の骨髄,2,ドラグライト鉱石,3
ラヴァアーム,0,1,3,0,99,6,23,111,2,-3,0,0,1,ガード性能,2,千里眼,2,回復速度,3,気配,-2,,,溶岩竜の鱗,3,上竜骨,3,レビテライト鉱石,2,,
ラヴァガード,0,2,3,0,99,6,12,62,3,-2,1,1,2,反動,2,千里眼,2,回復速度,3,気配,-2,,,溶岩竜の鱗,3,上竜骨,3,レビテライト鉱石,2,,
ディアブロアーム,0,1,3,0,99,6,23,111,2,0,0,-4,0,抜刀会心,3,研ぎ師,-2,納刀,3,食事,3,耐震,3,上質なねじれた角,1,上竜骨,1,草食竜の甲殻,3,,
ディアブロガード,0,2,3,0,99,6,12,62,3,1,1,-3,1,反動,3,納刀,5,貫通弾強化,4,精密射撃,-2,,,上質なねじれた角,1,上竜骨,1,草食竜の甲殻,3,,
ガルルガアーム,0,1,3,3,3,5,24,112,1,-3,1,-2,0,剣術,-1,達人,2,聴覚保護,2,,,,,黒狼鳥の鱗,5,黒狼鳥の甲殻,4,黒狼鳥の翼,2,上竜骨,1
ガルルガガード,0,2,3,3,3,5,12,62,2,-2,2,-1,1,達人,2,聴覚保護,2,スタミナ,-1,,,,,黒狼鳥の鱗,5,黒狼鳥の甲殻,4,黒狼鳥の翼,2,上竜骨,1
ガンキンアーム,0,1,3,1,99,5,24,112,2,-4,1,-1,-2,防御,4,スタミナ,-1,減気攻撃,3,,,,,爆鎚竜の骨髄,1,爆鎚竜の耐熱殻,1,紅蓮石,1,,
ガンキンガード,0,2,3,1,99,5,12,62,3,-3,2,0,-1,防御,3,スタミナ,-1,通常弾強化,3,,,,,爆鎚竜の骨髄,1,爆鎚竜の耐熱殻,1,紅蓮石,1,,
ドボルアーム,0,1,3,1,99,6,24,112,-4,2,1,-2,1,攻撃,3,達人,-1,回復速度,2,,,,,尾槌竜の苔甲,4,竜骨【大】,3,草食竜の甲殻,3,,
ドボルガード,0,2,3,1,99,6,12,62,-3,3,2,-1,2,攻撃,3,達人,-1,回復速度,2,,,,,尾槌竜の苔甲,4,竜骨【大】,3,草食竜の甲殻,3,,
アークアーム,1,1,3,1,7,6,24,112,-3,3,0,1,-5,匠,2,本気,1,火耐性,-3,狂撃耐性,3,,,天廻龍の浄爪,2,天廻龍の鱗,2,天廻龍の甲殻,4,レビテライト鉱石,3
アークガード,1,2,3,1,7,6,12,62,-2,4,1,2,-4,本気,1,装填数,2,火耐性,-3,狂撃耐性,3,,,天廻龍の浄爪,2,天廻龍の鱗,2,天廻龍の甲殻,4,レビテライト鉱石,3
フィリアアーム,2,1,3,1,7,6,24,112,-3,3,0,1,-5,匠,2,本気,1,火耐性,-3,狂撃耐性,3,,,天廻龍の浄爪,2,天廻龍の鱗,2,天廻龍の甲殻,4,レビテライト鉱石,3
フィリアガード,2,2,3,1,7,6,12,62,-2,4,1,2,-4,本気,1,装填数,2,火耐性,-3,狂撃耐性,3,,,天廻龍の浄爪,2,天廻龍の鱗,2,天廻龍の甲殻,4,レビテライト鉱石,3
残陽【篭手】,1,1,3,0,4,6,26,112,2,1,-3,2,-3,抜刀減気,2,達人,3,底力,-3,スタミナ,2,,,豪山龍の紅鱗,6,豪山龍の腕甲,1,大地の龍玉,1,マカライト鉱石,3
東雲【篭手】,1,2,3,2,4,6,13,62,3,2,-2,3,-2,装填速度,-3,スタミナ,2,無傷,3,貫通弾強化,2,,,豪山龍の紅鱗,6,豪山龍の腕甲,1,大地の龍玉,1,マカライト鉱石,3
常磐【篭手】,2,1,3,0,4,6,26,112,2,1,-3,2,-3,抜刀減気,2,達人,3,底力,-3,スタミナ,2,,,豪山龍の紅鱗,6,豪山龍の腕甲,1,大地の龍玉,1,マカライト鉱石,3
八千代【篭手】,2,2,3,2,4,6,13,62,3,2,-2,3,-2,装填速度,-3,スタミナ,2,無傷,3,貫通弾強化,2,,,豪山龍の紅鱗,6,豪山龍の腕甲,1,大地の龍玉,1,マカライト鉱石,3
キリンアームロング,0,1,3,1,3,6,26,112,-2,-2,4,0,2,属性耐性,3,運気,-2,属性攻撃,2,,,,,キリンの皮,5,キリンのたてがみ,2,怪鳥の甲殻,3,雷光虫,5
キリングローブ,0,2,3,1,3,6,13,62,-1,-1,5,1,3,属性耐性,3,運気,-2,属性攻撃,2,,,,,キリンの皮,5,キリンのたてがみ,2,怪鳥の甲殻,3,雷光虫,5
暁丸【篭手】,1,1,3,1,99,6,26,112,-2,2,0,2,-4,剣術,3,スタミナ,-2,重撃,4,加護,1,,,老山龍の甲殻,3,老山龍の大爪,1,火竜の翼膜,2,,
曙丸【篭手】,1,2,3,1,99,6,13,62,-1,3,1,3,-3,スタミナ,-2,重撃,4,装填数,3,加護,1,,,老山龍の甲殻,3,老山龍の大爪,1,火竜の翼膜,2,,
凛【篭手】,2,1,3,1,99,6,26,112,-2,2,0,2,-4,剣術,3,スタミナ,-2,重撃,4,加護,1,,,老山龍の甲殻,3,老山龍の大爪,1,火竜の翼膜,2,,
艶【篭手】,2,2,3,1,99,6,13,62,-1,3,1,3,-3,スタミナ,-2,重撃,4,装填数,3,加護,1,,,老山龍の甲殻,3,老山龍の大爪,1,火竜の翼膜,2,,
ブルースターアーム,0,1,7,1,1,99,26,110,1,1,1,1,1,闘魂,3,水属性攻撃,3,采配,3,,,,,スタジオパス,1,ギルドチケット,3,火竜の翼爪,6,火竜の鱗,4
ブルースターカフス,0,2,7,1,1,99,13,64,2,2,2,2,2,闘魂,3,水属性攻撃,3,采配,3,,,,,スタジオパス,1,ギルドチケット,3,火竜の翼爪,6,火竜の鱗,4
ブレイブＳアーム,0,1,4,1,4,99,18,100,3,0,0,0,2,採取,5,体力,-3,回復速度,1,乗り,1,,,天空の結晶,2,上質な毛皮,1,ランポスの上鱗,2,ドラグライト鉱石,4
ブレイブＳガード,0,2,4,1,4,99,9,59,4,1,1,1,3,採取,5,体力,-3,回復速度,1,乗り,2,,,天空の結晶,2,上質な毛皮,1,ランポスの上鱗,2,ドラグライト鉱石,4
レザーＳアーム,0,1,4,1,4,99,22,100,-2,0,0,0,2,採取,3,運気,-1,高速収集,1,,,,,上質な毛皮,1,竜骨【大】,3,盾虫の堅殻,1,,
レザーＳガード,0,2,4,1,4,99,11,59,-1,1,1,1,3,採取,3,運気,-1,高速収集,1,,,,,上質な毛皮,1,竜骨【大】,3,盾虫の堅殻,1,,
チェーンＳアーム,0,1,4,1,4,99,23,101,2,2,-3,1,0,体力,3,調合成功率,1,腹減り,2,睡眠,-2,,,カブレライト鉱石,2,氷結晶,2,大地の結晶,2,,
チェーンＳガード,0,2,4,1,4,99,11,59,3,3,-2,2,1,体力,3,調合成功率,1,腹減り,2,睡眠,-2,,,カブレライト鉱石,2,氷結晶,2,大地の結晶,2,,
ハンターＳアーム,0,1,4,1,4,99,26,102,0,2,-4,0,0,千里眼,1,調合成功率,1,狩人,3,毒,-1,,,カブレライト鉱石,2,ジャギィの上鱗,2,大地の結晶,2,竜骨【大】,2
ハンターＳガード,0,2,4,1,4,99,13,59,1,3,-3,1,1,千里眼,1,調合成功率,1,狩人,3,毒,-1,,,カブレライト鉱石,2,ジャギィの上鱗,2,大地の結晶,2,竜骨【大】,2
ボーンＳアーム,0,1,4,0,4,99,27,103,2,0,-1,-3,0,KO,3,観察眼,4,笛,1,睡眠,-1,,,上質な鳥竜骨,2,竜骨【大】,1,とがった牙,5,,
ボーンＳガード,0,2,4,0,4,99,13,59,3,1,0,-2,1,KO,3,観察眼,4,笛,1,睡眠,-1,,,上質な鳥竜骨,2,竜骨【大】,1,とがった牙,5,,
アロイＳアーム,0,1,4,0,4,99,28,102,-1,2,-3,-2,0,防御,4,採取,-1,達人,2,風圧,1,,,カブレライト鉱石,3,レビテライト鉱石,2,マカライト鉱石,7,大地の結晶,7
アロイＳガード,0,2,4,0,4,99,14,59,0,3,-2,-1,1,装填速度,3,採取,-2,散弾強化,3,散弾追加,2,,,カブレライト鉱石,3,レビテライト鉱石,2,マカライト鉱石,7,大地の結晶,7
クンチュウＳアーム,0,1,4,2,4,99,31,103,3,3,3,3,3,防御,6,雷耐性,-2,,,,,,,盾虫の堅殻,5,盾虫の甲殻,4,モンスターの濃汁,2,ドスヘラクレス,1
クンチュウＳガード,0,2,4,2,4,99,15,60,4,4,4,4,4,防御,6,雷耐性,-2,,,,,,,盾虫の堅殻,5,盾虫の甲殻,4,モンスターの濃汁,2,ドスヘラクレス,1
リノプロＳアーム,0,1,4,1,4,99,31,103,2,-1,-1,-1,1,砲術,3,KO,2,気絶,-1,耐泥耐雪,3,,,草食竜の堅殻,3,竜骨【中】,4,氷結晶,3,,
リノプロＳガード,0,2,4,2,4,99,15,60,3,0,0,0,2,砲術,2,KO,2,気絶,-1,耐泥耐雪,1,,,草食竜の堅殻,3,竜骨【中】,4,氷結晶,3,,
ブナハＳグローブ,0,1,4,0,4,99,33,102,-5,-1,2,-1,3,攻撃,-2,特殊攻撃,2,納刀,3,麻痺,1,,,飛甲虫の堅殻,2,飛甲虫の羽,4,上質な腹袋,2,モンスターの体液,3
ブナハＳカフス,0,2,4,0,4,99,16,60,-4,0,3,0,4,攻撃,-2,特殊攻撃,2,納刀,3,麻痺,1,,,飛甲虫の堅殻,2,飛甲虫の羽,4,上質な腹袋,2,モンスターの体液,3
ジャギィＳアーム,0,1,4,1,4,99,36,103,-4,0,0,0,2,攻撃,2,研ぎ師,3,効果持続,-2,気絶,1,,,狗竜の尖爪,4,王者のエリマキ,1,鳥竜玉,1,ドラグライト鉱石,2
ジャギィＳガード,0,2,4,1,4,99,18,61,-3,1,1,1,3,装填速度,2,攻撃,2,効果持続,-2,気絶,1,,,狗竜の尖爪,4,王者のエリマキ,1,鳥竜玉,1,ドラグライト鉱石,2
ゲネポスＳアーム,0,1,4,1,4,99,36,103,1,1,-3,-5,3,特殊攻撃,4,回復速度,-2,麻痺,1,,,,,ゲネポスの上鱗,3,ゲネポスの上皮,4,鳥竜玉,1,カブレライト鉱石,2
ゲネポスＳガード,0,2,4,1,4,99,18,61,2,2,-2,-4,4,特殊攻撃,4,回復速度,-2,麻痺,1,,,,,ゲネポスの上鱗,3,ゲネポスの上皮,4,鳥竜玉,1,カブレライト鉱石,2
ランゴアーム,0,1,4,0,4,99,36,103,-5,-5,2,-4,2,特殊攻撃,2,対防御DOWN,2,毒,-2,麻痺,2,,,ランゴスタの薄羽,1,とがった爪,4,モンスターの濃汁,2,,
ランゴガード,0,2,4,0,4,99,18,61,-4,-4,3,-3,3,特殊攻撃,2,対防御DOWN,2,毒,-2,麻痺,2,,,ランゴスタの薄羽,1,とがった爪,4,モンスターの濃汁,2,,
ペッコアーム,0,1,4,1,4,99,36,103,2,-1,0,-3,0,広域,3,笛,1,,,,,,,徹甲虫の薄羽,3,極彩色の羽根,1,上質な毛皮,1,,
ペッコガード,0,2,4,1,4,99,18,61,3,0,1,-2,1,広域,4,笛,1,,,,,,,徹甲虫の薄羽,3,極彩色の羽根,1,上質な毛皮,1,,
コンガＳアーム,0,1,4,1,4,99,38,103,-4,1,1,-1,3,細菌学,2,特殊攻撃,3,食いしん坊,1,腹減り,-2,,,桃毛獣の剛毛,2,とがった爪,4,コンガの剛毛,4,ドスヘラクレス,2
コンガＳガード,0,2,4,1,4,99,19,61,-3,2,2,0,4,細菌学,2,特殊攻撃,3,食いしん坊,1,腹減り,-2,,,桃毛獣の剛毛,2,とがった爪,4,コンガの剛毛,4,ドスヘラクレス,2
コンガＵアーム,0,1,5,1,4,99,40,103,1,0,0,-4,3,底力,2,爆弾強化,2,腹減り,-1,,,,,緑毛獣の剛毛,2,緑毛獣の尖爪,3,コンガの剛毛,4,とがった爪,4
コンガＵガード,0,2,5,1,4,99,20,61,2,1,1,-3,4,底力,2,爆弾強化,2,腹減り,-1,,,,,緑毛獣の剛毛,2,緑毛獣の尖爪,3,コンガの剛毛,4,とがった爪,4
ランポスＳアーム,0,1,4,2,4,99,38,103,0,0,0,-5,3,攻撃,4,千里眼,2,麻痺,-1,気絶,1,,,ランポスの尖爪,4,鳴き袋,4,鳥竜玉,1,天空の結晶,2
ランポスＳガード,0,2,4,2,4,99,19,61,1,1,1,-4,4,攻撃,3,千里眼,2,麻痺,-1,気絶,1,,,ランポスの尖爪,4,鳴き袋,4,鳥竜玉,1,天空の結晶,2
ガレオスアーム,0,1,4,1,4,99,40,103,-3,2,-4,2,0,防御,3,耐暑,1,腹減り,3,気絶,-1,,,砂竜の上鱗,3,砂竜の上ヒレ,1,マカライト鉱石,8,レビテライト鉱石,2
ガレオスガード,0,2,4,1,4,99,20,61,-2,3,-3,3,1,防御,3,耐暑,1,腹減り,3,気絶,-1,,,砂竜の上鱗,3,砂竜の上ヒレ,1,マカライト鉱石,8,レビテライト鉱石,2
ザザミアーム,0,1,4,2,4,99,40,103,-3,3,-4,0,1,防御,1,ガード性能,1,雷耐性,-2,,,,,盾蟹の堅殻,2,盾蟹の尖爪,2,カブレライト鉱石,2,とがった爪,4
ザザミガード,0,2,4,2,4,99,20,61,-2,4,-3,1,2,防御,1,ガード性能,1,雷耐性,-2,,,,,盾蟹の堅殻,2,盾蟹の尖爪,2,カブレライト鉱石,2,とがった爪,4
ガブラスーツＳグラブ,0,1,4,2,5,99,40,103,2,-3,3,2,-4,属性解放,2,属性耐性,-1,減気攻撃,1,,,,,翼蛇竜の上皮,1,縞模様の皮,4,火竜の翼爪,5,ガマのコイン,1
ガブラスーツＳハンド,0,2,4,2,5,99,20,61,3,-2,4,3,-3,属性解放,2,属性耐性,-1,減気攻撃,1,,,,,翼蛇竜の上皮,1,縞模様の皮,4,火竜の翼爪,5,ガマのコイン,1
イーオスーツグラブ,0,1,5,2,5,99,41,102,2,1,1,1,1,運気,2,毒,3,気絶,-2,,,,,イーオスの上皮,4,イーオスの上鱗,4,イーオスの毒牙,8,猛毒袋,3
イーオスーツハンド,0,2,5,2,5,99,21,62,3,2,2,2,2,採取,-2,運気,4,火耐性,2,,,,,イーオスの上皮,4,イーオスの上鱗,4,イーオスの毒牙,8,猛毒袋,3
ケチャＳアーム,0,1,4,1,4,99,43,104,-5,3,-3,0,3,運気,-3,水属性攻撃,3,体術,3,気まぐれ,1,,,奇猿狐の剛毛,3,奇猿狐の鉤爪,1,奇猿狐の長骨,3,盾虫の堅殻,2
ケチャＳガード,0,2,4,1,4,99,21,62,-4,4,-2,1,4,運気,-3,水属性攻撃,3,体術,3,気まぐれ,1,,,奇猿狐の剛毛,3,奇猿狐の鉤爪,1,奇猿狐の長骨,3,盾虫の堅殻,2
クックＳアーム,0,1,4,2,4,99,43,104,3,0,-2,-4,2,攻撃,3,火耐性,1,水耐性,-3,肉食,2,,,怪鳥の上鱗,3,怪鳥の堅殻,2,怪鳥の翼膜,2,,
クックＳガード,0,2,4,2,4,99,21,62,4,1,-1,-3,3,攻撃,3,火耐性,1,水耐性,-3,肉食,2,,,怪鳥の上鱗,3,怪鳥の堅殻,2,怪鳥の翼膜,2,,
クックＵアーム,0,1,5,2,4,99,47,106,3,-4,-3,0,2,達人,3,聴覚保護,-1,スタミナ,2,,,,,青怪鳥の上鱗,3,青怪鳥の堅殻,2,強靭な鳥竜皮,2,堅牢な骨,3
クックＵガード,0,2,5,2,4,99,23,62,4,-3,-2,1,3,達人,3,聴覚保護,-1,スタミナ,2,,,,,青怪鳥の上鱗,3,青怪鳥の堅殻,2,強靭な鳥竜皮,2,堅牢な骨,3
オウビートマーノ,1,1,5,2,5,99,43,104,3,-5,3,-4,2,採取,2,回避性能,2,特殊攻撃,2,耐寒,-2,,,オオツノアゲハ,1,マレコガネ,1,電撃袋,1,麻痺袋,2
オウビートブラッソ,1,2,5,2,5,99,21,62,4,-4,5,-3,2,採取,2,回避性能,2,特殊攻撃,2,耐寒,-2,,,オオツノアゲハ,1,マレコガネ,1,電撃袋,1,麻痺袋,2
パピメルマーノ,2,1,5,2,5,99,43,104,3,-5,3,-4,2,採取,2,回避性能,2,特殊攻撃,2,耐寒,-2,,,オオツノアゲハ,1,マレコガネ,1,電撃袋,1,麻痺袋,2
パピメルブラッソ,2,2,5,2,5,99,21,62,4,-4,5,-3,2,採取,2,回避性能,2,特殊攻撃,2,耐寒,-2,,,オオツノアゲハ,1,マレコガネ,1,電撃袋,1,麻痺袋,2
イーオスＳアーム,0,1,4,1,5,99,44,105,0,-4,-4,3,3,属性解放,1,特殊攻撃,4,毒,1,気絶,-2,,,イーオスの上鱗,3,イーオスの上皮,2,紅蓮石,1,ドスイーオスの皮,3
イーオスＳガード,0,2,4,1,5,99,22,62,1,-3,-3,4,4,属性解放,1,特殊攻撃,4,毒,1,気絶,-2,,,イーオスの上鱗,3,イーオスの上皮,2,紅蓮石,1,ドスイーオスの皮,3
ドーベルアーム,0,1,6,2,4,99,47,106,-2,0,0,0,3,龍属性攻撃,3,腹減り,-2,耐震,1,,,,,いにしえの龍骨,3,鬼蛙の巨大牙,3,鳥竜玉,2,竜骨【大】,5
ドーベルガード,0,2,6,2,4,99,24,62,-1,1,1,1,4,装填速度,1,龍属性攻撃,4,腹減り,-2,,,,,いにしえの龍骨,3,鬼蛙の巨大牙,3,鳥竜玉,2,竜骨【大】,5
ウルクＳアーム,0,1,4,1,5,99,45,106,-3,2,-1,2,2,回避距離,2,効果持続,4,耐暑,-2,耐寒,3,,,白兎獣の凍爪,2,白兎獣の毛,3,白兎獣の堅腹甲,3,マレコガネ,2
ウルクＳガード,0,2,4,1,5,99,22,62,-2,3,0,3,3,回避距離,2,効果持続,3,耐暑,-2,耐寒,3,,,白兎獣の凍爪,2,白兎獣の毛,3,白兎獣の堅腹甲,3,マレコガネ,2
ホークアーム,1,1,6,2,5,99,45,106,2,-1,1,0,2,狩人,3,指揮,2,腹減り,-3,,,,,旅団チケット,2,オオツノアゲハ,4,エビの小殻,5,天空の結晶,3
ホークガード,1,2,6,1,5,99,23,62,3,0,2,1,3,狩人,3,指揮,3,腹減り,-3,,,,,旅団チケット,2,オオツノアゲハ,4,エビの小殻,5,天空の結晶,3
エコールアーム,2,1,6,2,5,99,45,106,2,-1,1,0,2,狩人,3,指揮,2,腹減り,-3,,,,,旅団チケット,2,オオツノアゲハ,4,エビの小殻,5,天空の結晶,3
エコールガード,2,2,6,1,5,99,23,62,3,0,2,1,3,狩人,3,指揮,3,腹減り,-3,,,,,旅団チケット,2,オオツノアゲハ,4,エビの小殻,5,天空の結晶,3
ゲリョスＳアーム,0,1,5,2,4,99,47,106,-5,2,3,-2,0,達人,2,腹減り,-2,毒,2,,,,,ゴム質の上皮,4,モンスターの濃汁,2,大地の結晶,4,ゲネポスの上鱗,2
ゲリョスＳガード,0,2,5,2,4,99,23,62,-4,3,4,-1,1,達人,2,腹減り,-2,毒,2,,,,,ゴム質の上皮,4,モンスターの濃汁,2,大地の結晶,4,ゲネポスの上鱗,2
ゲリョスＵアーム,0,1,6,0,4,99,48,107,-5,2,3,-2,0,達人,-1,風圧,4,気絶,2,,,,,ゴム質の紫皮,3,毒怪鳥の紫翼,2,大地の結晶,4,ゲネポスの上鱗,2
ゲリョスＵガード,0,2,6,0,4,99,24,62,-4,3,4,-1,1,達人,-1,風圧,4,気絶,2,,,,,ゴム質の紫皮,3,毒怪鳥の紫翼,2,大地の結晶,4,ゲネポスの上鱗,2
ラングロアーム,0,1,4,1,5,99,47,106,1,-3,0,-1,1,細菌学,1,回避性能,2,耐寒,-2,耐震,2,,,赤甲獣の堅殻,2,魅惑色の柔皮,4,ドラグライト鉱石,5,,
ラングロガード,0,2,4,2,5,99,24,63,2,-2,1,0,2,細菌学,1,回避性能,2,耐寒,-2,耐震,1,,,赤甲獣の堅殻,2,魅惑色の柔皮,4,ドラグライト鉱石,5,,
カブラＳアーム,0,1,5,1,4,99,48,107,3,-5,-4,0,2,防御,4,採取,-2,体力,1,研ぎ師,2,,,鬼蛙の尖爪,2,鬼蛙の堅殻,4,鬼蛙の上鱗,2,ドスヘラクレス,5
カブラＳガード,0,2,5,1,4,99,24,62,4,-4,-3,1,3,装填速度,2,防御,4,採取,-2,体力,1,,,鬼蛙の尖爪,2,鬼蛙の堅殻,4,鬼蛙の上鱗,2,ドスヘラクレス,5
スキュラＳアーム,0,1,5,0,4,99,48,107,-3,3,-3,2,3,達人,3,観察眼,1,腹減り,-3,高速設置,4,毒,3,影蜘蛛の鋭爪,4,影蜘蛛の堅殻,2,堅牢な骨,1,盾虫の堅殻,3
スキュラＳガード,0,2,5,0,4,99,24,62,-2,4,-2,3,4,達人,3,観察眼,1,腹減り,-3,高速設置,4,毒,3,影蜘蛛の鋭爪,4,影蜘蛛の堅殻,2,堅牢な骨,1,盾虫の堅殻,3
フルフルＳアーム,0,1,5,1,5,99,50,107,-5,1,1,2,1,雷属性攻撃,3,広域,2,回復速度,2,気絶,-1,,,真珠色の柔皮,2,カブレライト鉱石,2,肉厚な上皮,5,上竜骨,2
フルフルＳガード,0,2,5,1,5,99,25,63,-4,2,2,3,2,雷属性攻撃,3,広域,2,回復速度,2,気絶,-1,,,真珠色の柔皮,2,カブレライト鉱石,2,肉厚な上皮,5,上竜骨,2
フルフルＵアーム,0,1,6,2,5,99,51,108,1,-5,1,2,1,回復量,1,広域,3,回復速度,-2,,,,,魅惑色の柔皮,3,アルビノの霜降り,1,ユニオン鉱石,4,生命の粉塵,3
フルフルＵガード,0,2,6,2,5,99,26,63,2,-4,2,3,2,回復量,1,広域,3,回復速度,-2,,,,,魅惑色の柔皮,3,アルビノの霜降り,1,ユニオン鉱石,4,生命の粉塵,3
レイアＳアーム,0,1,5,1,5,99,50,107,3,0,-2,0,-4,体力,3,火属性攻撃,4,回復量,1,回復速度,-1,,,雌火竜の堅殻,4,火竜の翼爪,3,雌火竜の棘,2,紅蓮石,3
レイアＳガード,0,2,5,1,5,99,25,63,4,1,-1,1,-3,体力,3,火属性攻撃,4,回復量,1,回復速度,-1,,,雌火竜の堅殻,4,火竜の翼爪,3,雌火竜の棘,2,紅蓮石,3
リオハートアーム,0,1,6,1,5,99,51,108,3,0,-2,0,-4,底力,1,火属性攻撃,5,風圧,2,気配,-1,,,桜火竜の堅殻,2,桜火竜の上鱗,4,尖竜骨,3,雌火竜の逆鱗,1
リオハートガード,0,2,6,1,5,99,26,63,4,1,-1,1,-3,底力,1,火属性攻撃,5,風圧,2,気配,-1,,,桜火竜の堅殻,2,桜火竜の上鱗,4,尖竜骨,3,雌火竜の逆鱗,1
ゴールドルナアーム,0,1,7,1,7,99,81,118,2,-4,-7,0,4,運気,4,重撃,4,雷耐性,-2,加護,2,,,金火竜の堅殻,5,火竜の翼爪,4,雌火竜の紅玉,1,獄炎石,4
ゴールドルナガード,0,2,7,1,7,99,41,67,3,-3,-6,1,5,運気,4,重撃,4,雷耐性,-2,加護,2,,,金火竜の堅殻,5,火竜の翼爪,4,雌火竜の紅玉,1,獄炎石,4
EXレイアアーム,0,1,7,1,8,99,50,107,3,0,-2,0,-4,頑強,1,匠,3,底力,3,回復量,2,気力回復,-2,希望の証,1,雌火竜の堅殻,5,火竜の翼爪,5,獄炎石,3
EXレイアガード,0,2,7,1,8,99,25,63,4,1,-1,1,-3,頑強,1,底力,3,装填数,3,回復量,2,気力回復,-2,希望の証,1,雌火竜の堅殻,5,火竜の翼爪,5,獄炎石,3
バサルＳアーム,0,1,5,2,5,99,50,107,-1,-2,1,1,-3,納刀,3,食事,3,腹減り,-2,耐泥耐雪,1,,,岩竜の堅殻,3,ドラグライト鉱石,5,猛毒袋,3,ユニオン鉱石,6
バサルＳガード,0,2,5,2,5,99,25,63,0,-1,2,2,-2,納刀,3,食事,3,腹減り,-2,耐泥耐雪,1,,,岩竜の堅殻,3,ドラグライト鉱石,5,猛毒袋,3,ユニオン鉱石,6
バサルＵアーム,0,1,6,2,5,99,53,110,0,-2,0,-3,1,ガード性能,3,耐暑,3,毒,2,麻痺,-2,,,桃岩竜の堅殻,3,カブレライト鉱石,5,猛毒袋,3,桃岩竜の翼,2
バサルＵガード,0,2,6,2,5,99,27,63,1,-1,1,-2,2,通常弾強化,2,耐暑,3,毒,2,麻痺,-2,,,桃岩竜の堅殻,3,カブレライト鉱石,5,猛毒袋,3,桃岩竜の翼,2
アーティアＳアーム,0,1,5,2,5,99,51,108,0,-3,-3,2,3,属性解放,4,抜刀会心,2,ガード強化,3,,,,,太古の破片,6,フルクライト鉱石,2,さびた破片,2,天空の結晶,10
アーティアＳガード,0,2,5,2,5,99,26,63,1,-2,-2,3,4,反動,4,速射,3,痛撃,3,,,,,太古の破片,6,フルクライト鉱石,2,さびた破片,2,天空の結晶,10
ジンオウＳアーム,0,1,5,0,5,99,52,109,0,-2,3,-4,1,剣術,1,本気,5,斬れ味,3,雷属性攻撃,3,気配,-2,雷狼竜の尖爪,5,雷狼竜の高電殻,4,雷狼竜の帯電毛,3,徹甲虫の堅殻,6
ジンオウＳガード,0,2,5,0,5,99,26,63,1,-1,4,-3,2,装填速度,3,本気,4,装填数,2,雷属性攻撃,3,気配,-2,雷狼竜の尖爪,5,雷狼竜の高電殻,4,雷狼竜の帯電毛,3,徹甲虫の堅殻,6
ジンオウＵアーム,0,1,6,1,6,99,53,110,0,-4,-5,0,4,回避性能,1,溜め短縮,1,無傷,3,龍属性攻撃,2,回復量,-2,獄狼竜の尖爪,5,獄狼竜の龍殻,4,獄狼竜の龍毛,3,ノヴァクリスタル,2
ジンオウＵガード,0,2,6,1,6,99,27,63,1,-3,-4,1,5,回避性能,1,無傷,3,装填数,1,龍属性攻撃,2,回復量,-2,獄狼竜の尖爪,5,獄狼竜の龍殻,4,獄狼竜の龍毛,3,ノヴァクリスタル,2
ゴアＳアーム,0,1,6,0,5,99,52,109,-5,3,-3,2,-2,細菌学,4,匠,2,闘魂,4,火耐性,-4,,,黒蝕竜の鋭惨爪,5,黒蝕竜の上暗翼,2,黒蝕竜の堅殻,5,黒蝕竜の暗翼,2
ゴアＳガード,0,2,6,0,5,99,26,63,-4,4,-2,3,-1,細菌学,4,闘魂,3,装填数,2,火耐性,-5,,,黒蝕竜の鋭惨爪,5,黒蝕竜の上暗翼,2,黒蝕竜の堅殻,5,黒蝕竜の暗翼,2
ガブルアーム,0,1,5,1,5,99,52,109,-2,3,-4,0,1,達人,5,食事,2,回復速度,-2,,,,,灯魚竜の上皮,4,灯魚竜の上棘,1,化け鮫の鱗,3,竜骨【中】,5
ガブルガード,0,2,5,1,5,99,26,63,-1,4,-3,1,2,達人,5,食事,2,回復速度,-2,,,,,灯魚竜の上皮,4,灯魚竜の上棘,1,化け鮫の鱗,3,竜骨【中】,5
ギルドナイトグラブ,1,1,6,1,8,99,52,109,0,0,0,0,0,匠,2,剥ぎ取り,1,広域,5,気配,-3,,,希望の証,1,青怪鳥の上鱗,4,イカしたクチバシ,2,,
ギルドナイトカフス,1,2,6,1,8,99,26,63,1,1,1,1,1,剥ぎ取り,1,装填数,2,広域,5,気配,-3,,,希望の証,1,青怪鳥の上鱗,4,イカしたクチバシ,2,,
メイドグラブ,2,1,6,1,8,99,52,109,0,0,0,0,0,匠,2,剥ぎ取り,1,広域,5,気配,-3,,,希望の証,1,青怪鳥の上鱗,4,イカしたクチバシ,2,,
メイドカフス,2,2,6,1,8,99,26,63,1,1,1,1,1,剥ぎ取り,1,装填数,2,広域,5,気配,-3,,,希望の証,1,青怪鳥の上鱗,4,イカしたクチバシ,2,,
城塞遊撃隊【手甲】,0,1,6,0,6,99,53,110,0,0,0,0,0,匠,2,剥ぎ取り,4,根性,2,回復量,3,気配,-3,牙竜のコイン,2,狩猟王のコイン,3,凍結袋,4,,
城塞弓撃隊【手甲】,0,2,6,0,6,99,27,63,1,1,1,1,1,剥ぎ取り,4,根性,2,装填数,2,回復量,3,気配,-3,牙竜のコイン,2,狩猟王のコイン,3,凍結袋,4,,
セルタスＳアーム,0,1,5,2,5,99,53,110,-4,3,-1,-3,3,匠,2,砲術,2,斬れ味,1,気力回復,-3,,,重甲虫の堅殻,6,重甲虫の鋭爪,2,重甲虫の堅胸殻,5,モンスターの濃汁,6
セルタスＳガード,0,2,5,2,5,99,27,63,-3,4,0,-2,-4,装填速度,4,砲術,2,気力回復,-3,,,,,重甲虫の堅殻,6,重甲虫の鋭爪,2,重甲虫の堅胸殻,5,モンスターの濃汁,6
ザボアＳアーム,0,1,5,2,5,99,53,110,-4,3,-5,3,0,氷属性攻撃,3,食事,2,腹減り,-3,,,,,化け鮫の上皮,4,化け鮫の上鱗,2,化け鮫の鱗,3,鮫肌の鱗,2
ザボアＳガード,0,2,5,2,5,99,27,63,-3,4,-4,4,1,氷属性攻撃,3,食事,2,腹減り,-3,,,,,化け鮫の上皮,4,化け鮫の上鱗,2,化け鮫の鱗,3,鮫肌の鱗,2
ガララＳアーム,0,1,5,0,5,99,55,110,3,-3,0,-5,3,捕獲,3,聴覚保護,3,気まぐれ,-3,麻痺,3,,,絞蛇竜の堅殻,5,絞蛇竜の甲殻,6,絞蛇竜の骨髄,2,ゲネポスの上皮,3
ガララＳガード,0,2,5,0,5,99,28,64,4,-2,1,-4,4,捕獲,3,聴覚保護,2,気まぐれ,-3,麻痺,4,,,絞蛇竜の堅殻,5,絞蛇竜の甲殻,6,絞蛇竜の骨髄,2,ゲネポスの上皮,3
レックスＳアーム,0,1,5,2,5,99,55,110,2,-1,-4,0,-2,匠,2,攻撃,2,研ぎ師,-2,食いしん坊,2,,,轟竜の鋭牙,3,轟竜の上鱗,6,堅竜骨,2,狗竜の皮,5
レックスＳガード,0,2,5,2,5,99,28,64,3,0,-3,1,-1,反動,-2,攻撃,2,装填数,2,食いしん坊,2,,,轟竜の鋭牙,3,轟竜の上鱗,6,堅竜骨,2,狗竜の皮,5
レックスＵアーム,0,1,6,1,6,99,59,112,2,-4,-2,0,-1,聴覚保護,1,研ぎ師,-1,観察眼,2,食事,3,,,黒轟竜の鋭牙,3,黒轟竜の上鱗,5,堅竜骨,3,イーオスの上鱗,10
レックスＵガード,0,2,6,1,6,99,29,64,3,-3,-1,1,0,反動,-1,聴覚保護,1,観察眼,2,食事,3,,,黒轟竜の鋭牙,3,黒轟竜の上鱗,5,堅竜骨,3,イーオスの上鱗,10
エクスゼロアーム,0,1,7,1,8,99,81,118,3,-5,2,-3,1,攻撃,5,研ぎ師,-2,食事,4,,,,,大轟竜の鋭牙,3,大轟竜の上鱗,6,大轟竜の尻尾,2,鋼龍の宝玉,1
エクスゼロガード,0,2,7,1,8,99,41,67,4,-4,3,-2,2,反動,-2,攻撃,5,食事,4,,,,,大轟竜の鋭牙,3,大轟竜の上鱗,6,大轟竜の尻尾,2,鋼龍の宝玉,1
EXレックスアーム,0,1,7,2,8,99,82,119,3,-1,-5,0,-3,匠,2,聴覚保護,2,研ぎ師,-2,食いしん坊,2,,,探求者の証,2,轟竜の上鱗,6,覇竜の堅殻,6,獄炎石,3
EXレックスガード,0,2,7,2,8,99,41,67,4,0,-4,1,-2,反動,-2,聴覚保護,2,装填数,2,食いしん坊,2,,,探求者の証,2,轟竜の上鱗,6,覇竜の堅殻,6,獄炎石,3
ブランゴアーム,0,1,5,0,5,99,55,110,-4,2,0,2,1,攻撃,2,耐暑,-2,耐寒,3,耐泥耐雪,2,,,雪獅子の剛毛,2,白兎獣の凍爪,2,白兎獣の堅腹甲,2,堅牢な骨,2
ブランゴガード,0,2,5,0,5,99,28,64,-3,3,1,3,2,攻撃,2,耐暑,-2,耐寒,3,耐泥耐雪,2,,,雪獅子の剛毛,2,白兎獣の凍爪,2,白兎獣の堅腹甲,2,堅牢な骨,2
クロオビアーム,0,1,6,0,8,99,55,110,2,2,2,2,2,胴系統倍化,1,,,,,,,,,金獅子の黒毛,2,撃龍王のコイン,3,飛竜のコイン,3,獣竜のコイン,3
クロオビガード,0,2,6,0,8,99,28,64,3,3,3,3,3,胴系統倍化,1,,,,,,,,,金獅子の黒毛,2,撃龍王のコイン,3,飛竜のコイン,3,獣竜のコイン,3
レウスＳアーム,0,1,5,1,5,99,57,112,3,0,-2,0,-4,攻撃,5,火属性攻撃,2,回復量,-2,,,,,火竜の上鱗,4,火竜の翼爪,2,火竜の尻尾,1,獄炎石,2
レウスＳガード,0,2,5,1,5,99,28,64,4,1,-1,1,-3,攻撃,4,火属性攻撃,3,回復量,-2,,,,,火竜の上鱗,4,火竜の翼爪,2,火竜の尻尾,1,獄炎石,2
リオソウルアーム,0,1,6,1,6,99,58,111,3,0,0,-2,-4,達人,5,体力,-2,聴覚保護,1,斬れ味,2,,,蒼火竜の堅殻,2,蒼火竜の尻尾,3,堅竜骨,3,カブレライト鉱石,3
リオソウルガード,0,2,6,1,6,99,29,64,4,1,1,-1,-3,達人,5,体力,-2,聴覚保護,1,通常弾強化,1,,,蒼火竜の堅殻,2,蒼火竜の尻尾,3,堅竜骨,3,カブレライト鉱石,3
シルバーソルアーム,0,1,7,2,7,99,81,118,2,-7,-4,0,4,痛撃,2,斬れ味,1,火属性攻撃,4,回復量,-3,,,銀火竜の尻尾,1,火竜の延髄,2,火竜の翼爪,4,獄炎石,3
シルバーソルガード,0,2,7,2,7,99,41,67,3,-6,-3,1,5,痛撃,2,貫通弾強化,1,火属性攻撃,4,回復量,-3,,,銀火竜の尻尾,1,火竜の延髄,2,火竜の翼爪,4,獄炎石,3
EXレウスアーム,0,1,7,0,8,99,57,112,3,0,-2,0,-4,剛撃,2,匠,3,気力回復,-3,狩人,4,,,希望の証,1,火竜の上鱗,4,火竜の翼爪,5,紅蓮石,3
EXレウスガード,0,2,7,0,8,99,28,64,4,1,-1,1,-3,剛撃,2,装填数,3,気力回復,-3,狩人,4,,,希望の証,1,火竜の上鱗,4,火竜の翼爪,5,紅蓮石,3
グラビドＳアーム,0,1,5,2,5,99,57,112,3,-4,0,2,-3,匠,2,防御,2,ガード性能,4,スタミナ,-2,,,鎧竜の堅殻,2,鎧竜の頭殻,1,堅竜骨,1,獄炎石,1
グラビドＳガード,0,2,5,2,5,99,29,64,4,-3,1,3,-2,反動,4,防御,2,スタミナ,-2,装填数,2,,,鎧竜の堅殻,2,鎧竜の頭殻,1,堅竜骨,1,獄炎石,1
グラビドＵアーム,0,1,6,2,6,99,58,111,3,-5,1,1,1,防御,2,ガード強化,2,スタミナ,-2,燃鱗,3,,,黒鎧竜の堅殻,2,鎧竜の堅殻,1,堅竜骨,3,爆炎袋,3
グラビドＵガード,0,2,6,2,6,99,29,64,4,-4,2,2,2,防御,2,ガード強化,2,スタミナ,-2,燃鱗,3,,,黒鎧竜の堅殻,2,鎧竜の堅殻,1,堅竜骨,3,爆炎袋,3
ベリオアーム,0,1,5,1,5,99,57,112,-5,0,-1,3,0,回避性能,2,氷属性攻撃,4,体術,2,気力回復,-2,,,琥珀色の鋭牙,2,白兎獣の剛毛,4,白兎獣の堅腹甲,3,,
ベリオガード,0,2,5,1,5,99,29,64,-4,1,0,4,1,回避性能,1,氷属性攻撃,4,体術,2,気力回復,-2,,,琥珀色の鋭牙,2,白兎獣の剛毛,4,白兎獣の堅腹甲,3,,
ブラキＳアーム,0,1,6,1,6,99,57,112,3,-4,0,-2,0,抜刀会心,1,闘魂,3,回避性能,-2,底力,3,爆弾強化,3,砕竜の堅黒曜甲,3,砕竜の剛拳,1,なぞの粘菌,3,ノヴァクリスタル,1
ブラキＳガード,0,2,6,1,6,99,28,64,4,-3,1,-1,1,速射,1,闘魂,3,回避性能,-2,底力,3,爆弾強化,3,砕竜の堅黒曜甲,3,砕竜の剛拳,1,なぞの粘菌,3,ノヴァクリスタル,1
アグナアーム,0,1,6,2,6,99,59,112,3,-5,0,-1,0,ガード性能,1,底力,-2,火属性攻撃,3,燃鱗,1,,,炎戈竜の堅殻,4,黒轟竜の尖爪,2,紅蓮石,4,,
アグナガード,0,2,6,1,6,99,30,64,4,-4,1,0,1,底力,-2,通常弾強化,3,精密射撃,2,火属性攻撃,2,燃鱗,1,炎戈竜の堅殻,4,黒轟竜の尖爪,2,紅蓮石,4,,
ガルルガＳアーム,0,1,5,2,6,99,60,113,3,-4,3,-4,1,剣術,-1,達人,2,聴覚保護,2,斬れ味,2,,,黒狼鳥の上鱗,5,黒狼鳥の堅殻,3,黒狼鳥の尻尾,1,堅竜骨,2
ガルルガＳガード,0,2,5,2,6,99,30,64,4,-3,4,-3,2,達人,2,聴覚保護,2,スタミナ,-1,貫通弾強化,2,,,黒狼鳥の上鱗,5,黒狼鳥の堅殻,3,黒狼鳥の尻尾,1,堅竜骨,2
ラギアアーム,0,1,6,1,6,99,60,113,-5,1,3,-1,-1,属性解放,3,痛撃,3,特殊攻撃,-2,溜め短縮,3,,,海竜の高電殻,1,蒼火竜の上鱗,3,蒼火竜の翼,3,,
ラギアガード,0,2,6,1,6,99,30,64,-4,2,4,0,0,属性解放,3,痛撃,3,特殊攻撃,-2,溜め短縮,3,,,海竜の高電殻,1,蒼火竜の上鱗,3,蒼火竜の翼,3,,
キリンＳアームロング,0,1,6,2,8,99,60,113,-3,-3,5,-1,3,属性解放,2,属性耐性,2,運気,-3,属性攻撃,2,,,キリンの上皮,3,キリンの雷尾,3,青怪鳥の堅殻,6,フルクライト鉱石,2
キリンＳグローブ,0,2,6,2,8,99,30,64,-2,-2,6,0,4,属性解放,2,属性耐性,2,運気,-3,属性攻撃,2,,,キリンの上皮,3,キリンの雷尾,3,青怪鳥の堅殻,6,フルクライト鉱石,2
キリンＵアーム,0,1,7,1,8,99,65,114,-3,-3,-1,6,3,属性耐性,1,運気,-3,氷属性攻撃,4,属性攻撃,3,,,キリンの霜尾,4,キリンの上皮,4,古龍の血,3,黒狼鳥の尻尾,3
キリンＵグローブ,0,2,7,1,8,99,33,65,-2,-2,0,7,4,属性耐性,1,運気,-3,氷属性攻撃,4,属性攻撃,3,,,キリンの霜尾,4,キリンの上皮,4,古龍の血,3,黒狼鳥の尻尾,3
ユクモノコテ・天,0,1,6,2,8,99,60,113,-1,0,2,0,0,匠,1,研ぎ師,3,回復量,2,加護,3,,,蛇王龍の鋼皮,3,凶星の破片,1,蛇王龍の鉤爪,2,,
ユクモノコテ・地,0,2,6,2,8,99,30,64,0,1,3,1,1,装填速度,3,装填数,1,回復量,2,加護,3,,,蛇王龍の鋼皮,3,凶星の破片,1,蛇王龍の鉤爪,2,,
セイラーグラブ,2,1,6,2,8,99,60,113,0,2,0,-2,0,運気,3,広域,4,気配,-3,,,,,希望の証,1,狩猟王のコイン,3,牙竜のコイン,5,獄炎石,8
セイラーカフス,2,2,6,2,8,99,30,64,1,3,1,-1,1,運気,3,広域,3,気配,-3,,,,,希望の証,1,狩猟王のコイン,3,牙竜のコイン,5,獄炎石,8
バンギスアーム,0,1,6,0,7,99,62,113,0,0,-4,1,-4,攻撃,3,斬れ味,3,食事,2,腹減り,-2,,,恐暴竜の黒鱗,6,恐暴竜の大牙,5,恐暴竜の唾液,3,砕竜の骨髄,1
バンギスガード,0,2,6,0,7,99,31,64,1,1,-3,2,-3,反動,3,攻撃,4,食事,3,腹減り,-2,,,恐暴竜の黒鱗,6,恐暴竜の大牙,5,恐暴竜の唾液,3,砕竜の骨髄,1
グリードアーム,0,1,7,0,7,99,64,113,-1,-1,-3,-1,-1,攻撃,3,斬れ味,4,食事,2,腹減り,-2,,,ドス黒い血,4,恐暴竜の黒鱗,6,恐暴竜の宝玉,1,古龍の血,2
グリードガード,0,2,7,0,7,99,32,64,0,0,-2,0,0,反動,4,攻撃,3,食事,3,腹減り,-2,,,ドス黒い血,4,恐暴竜の黒鱗,6,恐暴竜の宝玉,1,古龍の血,2
残陽・覇【篭手】,1,1,7,2,7,99,64,113,3,2,-4,3,-4,抜刀会心,2,不動,2,達人,1,底力,-4,,,豪山龍の上紅鱗,6,豪山龍の上腕甲,1,荒々しい龍尖角,2,勇気の証Ｇ,1
東雲・覇【篭手】,1,2,7,2,7,99,32,64,4,3,-3,4,-3,装填速度,-4,速射,2,不動,2,貫通弾強化,2,,,豪山龍の上紅鱗,6,豪山龍の上腕甲,1,荒々しい龍尖角,2,勇気の証Ｇ,1
常磐・覇【篭手】,2,1,7,2,7,99,64,113,3,2,-4,3,-4,抜刀会心,2,不動,2,達人,1,底力,-4,,,豪山龍の上紅鱗,6,豪山龍の上腕甲,1,荒々しい龍尖角,2,勇気の証Ｇ,1
八千代・覇【篭手】,2,2,7,2,7,99,32,64,4,3,-3,4,-3,装填速度,-4,速射,2,不動,2,貫通弾強化,2,,,豪山龍の上紅鱗,6,豪山龍の上腕甲,1,荒々しい龍尖角,2,勇気の証Ｇ,1
大和【篭手】,1,1,7,2,8,99,67,114,3,1,0,-4,-4,防御,2,達人,2,底力,-2,溜め短縮,2,,,希望の証,1,豪山龍の上紅鱗,6,豪山龍の上腕甲,1,大地の龍玉,1
陸奥【篭手】,1,2,7,2,8,99,34,65,4,2,1,-3,-3,装填速度,-2,反動,3,防御,2,貫通弾強化,2,,,希望の証,1,豪山龍の上紅鱗,6,豪山龍の上腕甲,1,大地の龍玉,1
日向【篭手】,2,1,7,2,8,99,67,114,3,1,0,-4,-4,防御,2,達人,2,底力,-2,溜め短縮,2,,,希望の証,1,豪山龍の上紅鱗,6,豪山龍の上腕甲,1,大地の龍玉,1
天城【篭手】,2,2,7,2,8,99,34,65,4,2,1,-3,-3,装填速度,-2,反動,3,防御,2,貫通弾強化,2,,,希望の証,1,豪山龍の上紅鱗,6,豪山龍の上腕甲,1,大地の龍玉,1
アークＳアーム,1,1,7,0,7,99,65,114,-4,4,0,3,-6,匠,3,本気,4,火耐性,-3,狂撃耐性,3,,,天廻龍の鋭浄爪,5,天廻龍の上虹翼,2,天廻龍の堅殻,5,天廻龍の虹翼,2
アークＳガード,1,2,7,0,7,99,33,65,-3,5,1,4,-5,本気,4,装填数,3,火耐性,-3,狂撃耐性,3,,,天廻龍の鋭浄爪,5,天廻龍の上虹翼,2,天廻龍の堅殻,5,天廻龍の虹翼,2
フィリアＳアーム,2,1,7,0,7,99,65,114,-4,4,0,3,-6,匠,3,本気,4,火耐性,-3,狂撃耐性,3,,,天廻龍の鋭浄爪,5,天廻龍の上虹翼,2,天廻龍の堅殻,5,天廻龍の虹翼,2
フィリアＳガード,2,2,7,0,7,99,33,65,-3,5,1,4,-5,本気,4,装填数,3,火耐性,-3,狂撃耐性,3,,,天廻龍の鋭浄爪,5,天廻龍の上虹翼,2,天廻龍の堅殻,5,天廻龍の虹翼,2
金色ノ篭手,0,1,7,1,7,99,65,114,2,1,3,-6,2,匠,1,本気,2,闘魂,2,スタミナ,-2,,,金獅子の尖角,1,金獅子の尻尾,2,翼蛇竜の上皮,2,獄炎の龍鱗,2
黒子ノ篭手,0,2,7,1,7,99,33,65,3,2,4,-5,3,装填速度,1,本気,2,闘魂,2,スタミナ,-2,,,金獅子の尖角,1,金獅子の尻尾,2,翼蛇竜の上皮,2,獄炎の龍鱗,2
怒天ノ篭手,0,1,7,0,7,99,81,118,2,1,4,-7,2,匠,1,本気,4,闘魂,3,スタミナ,-2,,,金獅子の怒髪,2,金獅子の闘魂,1,金獅子の尻尾,2,銀火竜の上鱗,2
心滅ノ篭手,0,2,7,0,7,99,41,67,3,2,5,-6,3,装填速度,1,本気,4,闘魂,3,スタミナ,-2,,,金獅子の怒髪,2,金獅子の闘魂,1,金獅子の尻尾,2,銀火竜の上鱗,2
アカムトサクンペ,0,1,7,1,7,99,65,114,4,0,-3,2,-5,匠,2,達人,1,聴覚保護,1,斬れ味,-2,,,覇竜の剛爪,5,覇竜の上鱗,4,覇竜の宝玉,1,鎧竜の延髄,2
アカムトノキリペ,0,2,7,1,7,99,33,65,5,1,-2,3,-4,装填速度,-2,達人,1,聴覚保護,1,装填数,2,,,覇竜の剛爪,5,覇竜の上鱗,4,覇竜の宝玉,1,鎧竜の延髄,2
ウカムルサクンペ,0,1,7,0,8,99,67,114,-5,0,-3,4,-2,刀匠,3,達人,-3,底力,1,耐泥耐雪,1,,,崩竜の堅殻,5,崩竜の宝玉,1,穢れた竜鱗,6,,
ウカムルノキリペ,0,2,7,0,8,99,34,65,-4,1,-2,5,-1,射手,3,達人,-3,底力,1,耐泥耐雪,1,,,崩竜の堅殻,5,崩竜の宝玉,1,穢れた竜鱗,6,,
カイザーアーム,0,1,7,2,7,99,68,115,4,-6,1,-2,-2,細菌学,1,剣術,1,匠,2,耐寒,-2,,,炎王龍の堅殻,6,炎龍の尖爪,3,獄炎石,2,古龍の血,3
カイザーガード,0,2,7,2,7,99,34,65,5,-5,2,-1,-1,細菌学,1,装填速度,2,装填数,1,耐寒,-2,,,炎王龍の堅殻,6,炎龍の尖爪,3,獄炎石,2,古龍の血,3
EXカイザーアーム,0,1,7,0,8,99,82,119,5,-7,2,-2,-4,属性解放,1,達人,5,耐寒,-3,,,,,炎王龍チケット,2,炎王龍の尖角,3,蛇王龍の剣鱗,3,古龍骨,3
EXカイザーガード,0,2,7,0,8,99,41,67,6,-6,3,-1,-3,属性解放,1,達人,5,耐寒,-3,,,,,炎王龍チケット,2,炎王龍の尖角,3,蛇王龍の剣鱗,3,古龍骨,3
エンプレスアーム,0,1,7,2,6,99,68,115,4,-2,1,-6,-2,属性解放,2,達人,1,ガード性能,3,耐寒,-2,,,炎妃龍の堅殻,3,炎妃龍のたてがみ,2,黒轟竜の尖爪,4,獄炎石,2
エンプレスガード,0,2,7,2,6,99,34,65,5,-1,2,-5,-1,属性解放,2,達人,1,ガード強化,3,耐寒,-2,,,炎妃龍の堅殻,3,炎妃龍のたてがみ,2,黒轟竜の尖爪,4,獄炎石,2
クシャナハトゥー,0,1,7,2,7,99,68,115,-2,2,-5,5,-6,属性解放,2,溜め短縮,2,耐暑,2,毒,-2,,,鋼龍の堅殻,5,鋼龍の尖爪,1,鋼の龍鱗,3,古龍骨,5
クシャナマカーン,0,2,7,2,7,99,34,65,-1,3,-4,6,-5,属性解放,2,溜め短縮,2,耐暑,2,毒,-2,,,鋼龍の堅殻,5,鋼龍の尖爪,1,鋼の龍鱗,3,古龍骨,5
EXクシャナハトゥー,0,1,7,2,8,99,82,119,-3,3,-6,6,-7,溜め短縮,2,耐暑,2,毒,-2,,,,,鋼龍チケット,2,鋼龍の堅殻,6,銀火竜の尻尾,3,古龍骨,3
EXクシャナマカーン,0,2,7,2,8,99,41,67,-2,4,-5,7,-6,溜め短縮,2,耐暑,2,毒,-2,,,,,鋼龍チケット,2,鋼龍の堅殻,6,銀火竜の尻尾,3,古龍骨,3
夜叉【御手】,0,1,7,1,8,99,68,115,2,2,0,-2,-2,剣術,2,属性耐性,3,底力,-2,加護,2,,,浮岳龍の体液,2,神龍木,1,ノヴァクリスタル,3,,
修羅【御手】,0,2,7,1,8,99,34,65,3,4,2,-1,-1,属性耐性,3,底力,-2,装填数,2,加護,2,,,浮岳龍の体液,2,神龍木,1,ノヴァクリスタル,3,,
リベリオンアーム,0,1,7,0,8,99,69,116,3,3,-2,-2,-3,怒,3,剛撃,1,攻撃,-4,,,,,蛇王龍の尾鱗,4,蛇王龍の扇刃,3,天剣の龍玉,1,銀火竜の堅殻,8
ライオットガード,0,2,7,0,8,99,35,65,4,4,-1,-1,-2,怒,3,剛撃,1,攻撃,-4,,,,,蛇王龍の尾鱗,4,蛇王龍の扇刃,3,天剣の龍玉,1,銀火竜の堅殻,8
ミヅハ【大袖】,0,1,7,2,8,99,69,116,-4,3,0,4,-1,匠,1,聴覚保護,2,風圧,4,耐暑,-2,,,霞龍の上皮,3,アルビノの霜降り,1,古龍骨,6,希望の証,2
トヨタマ【大袖】,0,2,7,2,8,99,35,65,-3,4,1,5,0,聴覚保護,2,装填数,1,風圧,4,耐暑,-2,,,霞龍の上皮,3,アルビノの霜降り,1,古龍骨,6,希望の証,2
忍の篭手・天,0,1,7,2,8,99,81,118,2,-6,4,-3,2,防御,-2,回避性能,2,属性攻撃,2,,,,,希望の証Ｇ,1,勇気の証Ｇ,1,ノヴァクリスタル,3,大轟竜の上鱗,5
忍の篭手・地,0,2,7,2,8,99,41,67,3,-5,5,-2,3,防御,-2,回避性能,2,属性攻撃,2,,,,,希望の証Ｇ,1,勇気の証Ｇ,1,ノヴァクリスタル,3,大轟竜の上鱗,5
金剛【篭手】,0,1,7,1,8,99,82,119,-2,3,2,2,-2,運気,2,ガード性能,3,火耐性,-2,耐震,2,,,砦蟹の鋏,1,鋼の龍鱗,2,マレコガネ,3,,
不動【篭手】,0,2,7,1,8,99,41,67,0,5,3,3,-1,反動,3,運気,2,火耐性,-2,耐震,2,,,砦蟹の鋏,1,鋼の龍鱗,2,マレコガネ,3,,
ドラゴンクロウ,0,1,7,1,8,99,84,119,-3,2,2,-1,-6,痛撃,3,達人,-2,斬れ味,3,,,,,黒龍の角,2,黒龍の甲殻,2,黒龍の翼膜,3,雌火竜の紅玉,1
ドラゴンフィスト,0,2,7,1,8,99,42,67,-2,3,3,0,-5,痛撃,3,達人,-2,貫通弾強化,3,,,,,黒龍の角,2,黒龍の甲殻,2,黒龍の翼膜,3,雌火竜の紅玉,1
ヘリオスアーム,1,1,7,0,8,99,84,119,0,3,-2,1,-5,聴覚保護,1,重撃,3,水属性攻撃,2,加護,-2,,,大海龍の甲皮,2,湾曲した龍角,1,絞蛇竜の延髄,2,,
ヘリオスガード,1,2,7,0,8,99,42,67,1,4,-1,2,-4,聴覚保護,3,重撃,3,水属性攻撃,2,加護,-2,,,大海龍の甲皮,2,湾曲した龍角,1,絞蛇竜の延髄,2,,
セレネアーム,2,1,7,0,8,99,84,119,0,3,-2,1,-5,聴覚保護,1,重撃,3,水属性攻撃,2,加護,-2,,,大海龍の甲皮,2,湾曲した龍角,1,絞蛇竜の延髄,2,,
セレネガード,2,2,7,0,8,99,42,67,1,4,-1,2,-4,聴覚保護,3,重撃,3,水属性攻撃,2,加護,-2,,,大海龍の甲皮,2,湾曲した龍角,1,絞蛇竜の延髄,2,,
エスカドラアムズ,0,1,7,0,8,99,86,121,-3,-2,3,3,-2,本気,3,属性耐性,1,回避距離,1,属性攻撃,3,気絶,-2,煌黒龍の逆鱗,2,煌黒龍の翼膜,2,黒蝕竜の闇玉,1,,
エスカドラアルマ,0,2,7,0,8,99,43,68,-2,-1,4,4,-1,本気,3,属性耐性,1,回避距離,1,属性攻撃,3,気絶,-2,煌黒龍の逆鱗,2,煌黒龍の翼膜,2,黒蝕竜の闇玉,1,,
三眼の腕輪,0,0,5,3,4,99,18,61,0,3,-3,0,1,,,,,,,,,,,カブレライト鉱石,3,ノヴァクリスタル,2,,,,
団長の腕輪,0,0,6,1,7,99,31,64,2,2,2,2,2,広域,5,指揮,3,,,,,,,※村クエ制覇,1,,,,,,
EXキリンＵアーム,0,1,7,2,7,99,1,116,0,0,1,6,3,状態耐性,2,属性解放,3,運気,-3,属性攻撃,2,,,幻獣チケット,1,キリンの上皮,2,立派なクチバシ,2,ギルドチケットＧ,2
EXキリンＵグローブ,0,2,7,2,7,99,1,66,1,1,2,7,4,状態耐性,2,属性解放,3,運気,-3,属性攻撃,2,,,幻獣チケット,1,キリンの上皮,2,立派なクチバシ,2,ギルドチケットＧ,2
キャプテンＪグラブ,0,1,7,0,4,99,26,99,-3,-3,-3,-3,-3,剥ぎ取り,3,運気,2,捕獲,2,加護,-3,,,海賊Ｊチケット,1,獄狼竜の尖爪,5,蝕龍蟲,1,ギルドチケットＳ,3
キャプテンＪカフス,0,2,7,0,4,99,13,57,-2,-2,-2,-2,-2,剥ぎ取り,2,運気,2,捕獲,2,加護,-3,,,海賊Ｊチケット,1,獄狼竜の尖爪,5,蝕龍蟲,1,ギルドチケットＳ,3
EXインゴットアーム,0,1,7,1,4,99,41,102,-2,-2,2,0,0,砲術,3,ガード強化,3,納刀,3,気まぐれ,-3,,,蛇と蛙チケット,1,フルクライト鉱石,14,鬼蛙の堅殻,5,ギルドチケットＳ,2
EXインゴットガード,0,2,7,1,4,99,21,62,-1,-1,3,1,1,反動,3,砲術,3,散弾強化,2,気まぐれ,-3,,,蛇と蛙チケット,1,フルクライト鉱石,14,鬼蛙の堅殻,5,ギルドチケットＳ,2
伝説Ｊグラブ,0,1,7,0,4,99,44,99,-4,-4,-4,-4,-4,胴系統倍化,1,,,,,,,,,伝説Ｊの海賊帽,1,獄炎の龍鱗,5,炎王龍の尖角,2,炎龍の塵粉,2
伝説Ｊカフス,0,2,7,0,4,99,22,57,-3,-3,-3,-3,-3,胴系統倍化,1,,,,,,,,,伝説Ｊの海賊帽,1,獄炎の龍鱗,5,炎王龍の尖角,2,炎龍の塵粉,2
ユニクロウォッチ,0,1,7,2,4,99,44,112,-3,1,0,4,0,聴覚保護,2,回避距離,3,食事,-2,耐寒,2,,,ユニクロチケット,1,黒轟竜の上鱗,3,轟竜の尖爪,1,竜玉,1
ユニクロクロック,0,2,7,2,4,99,22,65,-2,2,1,5,1,聴覚保護,2,回避距離,3,食事,-2,耐寒,2,,,ユニクロチケット,1,黒轟竜の上鱗,3,轟竜の尖爪,1,竜玉,1
スタールークアーム,0,1,7,3,4,99,52,114,0,0,0,0,0,潔癖,2,闘魂,2,乗り,1,,,,,スタジオＧパス,1,金火竜の堅殻,2,蒼火竜の翼,3,ギルドチケットＳ,3
スタールークガード,0,2,7,3,4,99,26,65,1,1,1,1,1,潔癖,2,闘魂,2,乗り,1,,,,,スタジオＧパス,1,金火竜の堅殻,2,蒼火竜の翼,3,ギルドチケットＳ,3
ゾディアスアーム,0,1,7,0,5,99,52,116,1,1,1,1,1,胴系統倍化,1,,,,,,,,,冥天の星くず,2,鋼龍の堅殻,2,翼蛇竜の上皮,3,鋼の龍鱗,4
ゾディアスガード,0,2,7,0,5,99,26,65,2,2,2,2,2,胴系統倍化,1,,,,,,,,,冥天の星くず,2,鋼龍の堅殻,2,翼蛇竜の上皮,3,鋼の龍鱗,4
勇者の腕当て,0,1,7,1,4,99,52,116,2,2,2,2,2,属性解放,3,剥ぎ取り,2,運気,1,気まぐれ,-4,,,トライフォース,1,金獅子の黒毛,4,ギルドチケットＳ,2,雷狼竜の碧玉,1
勇者の手袋,0,2,7,1,4,99,26,65,3,3,3,3,3,属性解放,3,剥ぎ取り,2,運気,1,気まぐれ,-4,,,トライフォース,1,金獅子の黒毛,4,ギルドチケットＳ,2,雷狼竜の碧玉,1
EXアーティアアーム,0,1,7,1,8,99,52,109,0,-3,-3,2,3,匠,2,抜刀会心,2,研ぎ師,-4,気力回復,4,,,金獅子チケット,1,太古の破片,4,フルクライト鉱石,8,ギルドチケットＧ,1
EXアーティアガード,0,2,7,1,8,99,26,63,1,-2,-2,3,4,属性解放,2,装填速度,-4,装填数,2,精密射撃,4,,,金獅子チケット,1,太古の破片,4,フルクライト鉱石,8,ギルドチケットＧ,1
EXゴアアーム,0,1,7,0,8,99,58,111,-5,3,-3,2,-2,細菌学,3,匠,3,闘魂,4,火耐性,-4,,,黒蝕竜チケット,1,黒蝕竜の上暗翼,6,天廻龍の堅殻,4,ギルドチケットＧ,1
EXゴアガード,0,2,7,0,8,99,29,64,-4,4,-2,3,-1,細菌学,3,闘魂,4,装填数,3,火耐性,-4,,,黒蝕竜チケット,1,黒蝕竜の上暗翼,6,天廻龍の堅殻,4,ギルドチケットＧ,1
EXリベリオンアーム,0,1,7,0,8,99,81,118,3,3,-2,-2,-3,刀匠,2,怒,2,攻撃,-2,狂撃耐性,1,,,蛇王龍チケット,1,蛇王龍の扇刃,4,天剣の龍玉,2,凶星の破片,2
EXライオットガード,0,2,7,0,8,99,41,67,4,4,-1,-1,-2,射手,2,怒,2,攻撃,-2,狂撃耐性,1,,,蛇王龍チケット,1,蛇王龍の扇刃,4,天剣の龍玉,2,凶星の破片,2
ミラバルクロウ,0,1,7,1,8,99,86,121,2,-1,1,-3,-7,刀匠,1,怒,2,防御,-3,斬れ味,2,,,黒龍の紅角,2,黒龍の紅殻,4,黒龍の紅翼,3,砕竜の宝玉,1
ミラバルフィスト,0,2,7,1,8,99,43,63,3,0,2,-2,-6,射手,1,怒,2,防御,-3,通常弾強化,2,,,黒龍の紅角,2,黒龍の紅殻,4,黒龍の紅翼,3,砕竜の宝玉,1
