#名前,"性別(0=両,1=男,2=女)","タイプ(0=両方,1=剣士,2=ガンナー)",レア度,スロット数,入手時期／集☆（99=集入手不可）,入手時期／村☆（99=村入手不可）,初期防御力,最終防御力,火耐性,水耐性,雷耐性,氷耐性,龍耐性,スキル系統1,スキル値1,スキル系統2,スキル値2,スキル系統3,スキル値3,スキル系統4,スキル値4,スキル系統5,スキル値5,生産素材1,個数,生産素材2,個数,生産素材3,個数,生産素材4,個数
ブレイブベスト,0,0,1,0,1,1,1,55,2,0,0,0,1,体力,-2,回復速度,2,乗り,3,,,,,竜骨【小】,1,鉄鉱石,1,,,,
レザーベスト,0,0,1,0,1,1,1,55,-1,0,0,0,1,採取,3,気まぐれ,2,,,,,,,暖かい毛皮,1,竜骨【小】,1,,,,
チェーンベスト,0,0,1,0,1,1,4,57,2,1,-2,1,0,体力,3,腹減り,1,,,,,,,鉄鉱石,2,暖かい毛皮,1,,,,
ロックラックスーツ,0,0,1,1,1,2,5,57,2,-3,1,0,0,耐暑,5,運搬,3,,,,,,,鋼のたまご,1,甲虫の腹袋,2,ジャギィの皮,3,,
ハンターメイル,0,1,1,1,1,1,6,98,0,1,-3,0,0,調合成功率,2,狩人,1,毒,-2,,,,,鉄鉱石,2,ジャギィの鱗,1,竜骨【小】,2,,
ハンターレジスト,0,2,1,1,1,1,3,56,1,2,-2,1,1,調合成功率,2,狩人,1,毒,-2,,,,,鉄鉱石,2,ジャギィの鱗,1,竜骨【小】,2,,
ボーンメイル,0,1,1,1,1,3,7,99,1,0,-1,-2,0,KO,2,笛,1,,,,,,,なぞの骨,2,大きな骨,1,甲虫の腹袋,2,,
ボーンレジスト,0,2,1,1,1,3,4,57,2,1,0,-1,1,KO,2,笛,1,,,,,,,なぞの骨,2,大きな骨,1,甲虫の腹袋,2,,
アロイメイル,0,1,1,1,1,1,8,100,-1,1,-2,-1,0,防御,1,採取,-2,風圧,3,,,,,マカライト鉱石,3,竜骨【小】,2,鉄鉱石,2,,
アロイレジスト,0,2,1,1,1,1,4,57,0,2,-1,0,1,採取,-2,散弾強化,2,散弾追加,2,,,,,マカライト鉱石,3,竜骨【小】,2,鉄鉱石,2,,
リノプロメイル,0,1,2,1,1,3,8,100,1,-1,-1,-1,1,KO,1,気絶,-2,耐泥耐雪,2,,,,,草食竜の頭殻,1,草食竜の甲殻,2,大地の結晶,2,,
リノプロレジスト,0,2,2,1,1,3,4,57,2,0,0,0,2,KO,1,気絶,-2,耐泥耐雪,2,,,,,草食竜の頭殻,1,草食竜の甲殻,2,大地の結晶,2,,
ブナハスーツ,0,1,2,0,1,2,10,102,-4,-1,2,-1,2,攻撃,-2,特殊攻撃,2,納刀,2,麻痺,1,,,飛甲虫の甲殻,2,飛甲虫の羽,3,モンスターの体液,2,雷光虫,1
ブナハベスト,0,2,2,0,1,2,5,57,-3,0,3,0,3,攻撃,-2,特殊攻撃,1,納刀,3,麻痺,1,,,飛甲虫の甲殻,2,飛甲虫の羽,3,モンスターの体液,2,雷光虫,1
ジャギィメイル,0,1,2,0,1,2,10,102,-2,0,0,0,1,研ぎ師,1,効果持続,-1,気絶,2,,,,,王者のエリマキ,1,狗竜の爪,2,ジャギィの皮,3,鉄鉱石,3
ジャギィレジスト,0,2,2,0,1,2,5,57,-1,1,1,1,2,装填速度,1,効果持続,-1,気絶,2,,,,,王者のエリマキ,1,狗竜の爪,2,ジャギィの皮,3,鉄鉱石,3
ズワロマント,0,1,2,0,2,3,10,102,-2,2,0,-1,1,体力,8,回復速度,2,,,,,,,垂皮竜の皮,4,マカライト鉱石,2,暖かい毛皮,3,,
ズワロケープ,0,2,2,0,2,3,5,57,-1,3,1,0,2,体力,8,回復速度,2,,,,,,,垂皮竜の皮,4,マカライト鉱石,2,暖かい毛皮,3,,
ゲネポスメイル,0,1,2,1,2,3,12,102,1,1,-2,-3,2,特殊攻撃,2,麻痺,1,,,,,,,ゲネポスの皮,3,ゲネポスの鱗,2,麻痺袋,1,鉄鉱石,3
ゲネポスレジスト,0,2,2,1,2,3,6,57,2,2,-1,-2,3,特殊攻撃,2,麻痺,1,,,,,,,ゲネポスの皮,3,ゲネポスの鱗,2,麻痺袋,1,鉄鉱石,3
ランポスメイル,0,1,2,0,1,2,13,103,0,0,0,-4,2,攻撃,2,千里眼,3,麻痺,-2,気絶,2,,,ドスランポスの爪,2,鳴き袋,2,ランポスの皮,3,のりこねバッタ,2
ランポスレジスト,0,2,2,0,1,2,7,58,1,1,1,-3,3,攻撃,2,千里眼,3,麻痺,-2,気絶,2,,,ドスランポスの爪,2,鳴き袋,2,ランポスの皮,3,のりこねバッタ,2
アシラメイル,0,1,2,1,99,3,13,103,-2,1,0,-1,1,高速収集,2,食いしん坊,2,腹減り,-1,ハチミツ,1,,,青熊獣の毛,3,青熊獣の甲殻,1,光蟲,2,,
アシラレジスト,0,2,2,1,99,3,7,58,-1,2,1,0,2,高速収集,2,食いしん坊,2,腹減り,-1,ハチミツ,1,,,青熊獣の毛,3,青熊獣の甲殻,1,光蟲,2,,
ハイメタメイル,0,1,2,0,2,4,14,102,-2,-2,3,-1,0,砲術,2,体力,4,スタミナ,-2,,,,,ドラグライト鉱石,2,マカライト鉱石,4,鉄鉱石,3,ランポスの皮,2
ハイメタレジスト,0,2,2,0,2,4,7,58,-1,-1,4,0,1,砲術,2,体力,4,スタミナ,-2,,,,,ドラグライト鉱石,2,マカライト鉱石,4,鉄鉱石,3,ランポスの皮,2
バトルメイル,0,1,2,0,3,5,14,102,2,-2,-2,-1,0,攻撃,1,聴覚保護,-2,ガード性能,2,研ぎ師,4,,,翼蛇竜の皮,2,暖かい毛皮,2,ゲネポスの鱗,5,大地の結晶,3
バトルレジスト,0,2,2,0,3,5,7,58,3,-1,-1,0,1,装填速度,4,攻撃,1,聴覚保護,-2,ガード強化,2,,,翼蛇竜の皮,2,暖かい毛皮,2,ゲネポスの鱗,5,大地の結晶,3
ケチャメイル,0,1,2,2,1,3,14,102,-3,2,-2,0,2,運気,-1,水属性攻撃,1,気まぐれ,1,,,,,奇猿狐の耳,1,奇猿狐の鉤爪,1,奇猿狐の毛,2,のりこねバッタ,2
ケチャレジスト,0,2,2,2,1,3,7,58,-2,3,-1,1,3,運気,-1,水属性攻撃,1,気まぐれ,1,,,,,奇猿狐の耳,1,奇猿狐の鉤爪,1,奇猿狐の毛,2,のりこねバッタ,2
ゲリョスメイル,0,1,2,1,1,3,14,102,-4,1,2,-2,0,スタミナ,2,腹減り,-2,毒,3,,,,,毒袋,1,大地の結晶,1,ゴム質の皮,2,マカライト鉱石,2
ゲリョスレジスト,0,2,2,1,1,3,7,58,-3,2,3,-1,1,スタミナ,2,腹減り,-2,毒,3,,,,,毒袋,1,大地の結晶,1,ゴム質の皮,2,マカライト鉱石,2
コンガメイル,0,1,2,0,2,4,14,102,-3,1,1,-1,2,細菌学,3,食いしん坊,1,腹減り,-2,,,,,桃毛獣の毛,2,コンガの毛,4,獣骨,2,のりこねバッタ,3
コンガレジスト,0,2,2,0,2,4,7,58,-2,2,2,0,3,細菌学,3,食いしん坊,1,腹減り,-2,,,,,桃毛獣の毛,2,コンガの毛,4,獣骨,2,のりこねバッタ,3
ルドロスメイル,0,1,2,1,99,3,15,103,-3,2,-1,-1,1,スタミナ,2,水属性攻撃,2,雷耐性,-2,耐暑,2,,,海綿質の皮,2,水獣の爪,1,ランポスの皮,3,大地の結晶,3
ルドロスレジスト,0,2,2,1,99,3,7,58,-2,3,0,0,2,スタミナ,2,水属性攻撃,2,雷耐性,-2,耐暑,2,,,海綿質の皮,2,水獣の爪,1,ランポスの皮,3,大地の結晶,3
ウルクメイル,0,1,2,1,2,4,15,103,-2,2,-1,2,2,回避距離,2,耐暑,-1,耐寒,2,,,,,白兎獣の腹甲,2,白兎獣の毛,2,ジャギィの鱗,4,キラビートル,3
ウルクレジスト,0,2,2,1,2,4,8,58,-1,3,0,3,3,回避距離,2,耐暑,-1,耐寒,2,,,,,白兎獣の腹甲,2,白兎獣の毛,2,ジャギィの鱗,4,キラビートル,3
イーオスメイル,0,1,2,2,3,5,15,103,0,-3,-3,2,2,特殊攻撃,2,毒,1,気絶,-2,,,,,イーオスの皮,2,毒袋,3,イーオスの鱗,2,マカライト鉱石,3
イーオスレジスト,0,2,2,2,3,5,8,58,1,-2,-2,3,3,特殊攻撃,2,毒,1,気絶,-2,,,,,イーオスの皮,2,毒袋,3,イーオスの鱗,2,マカライト鉱石,3
ガブラスーツボディ,0,1,2,1,3,99,15,103,1,-2,2,1,-3,属性解放,2,属性耐性,-1,毒,2,,,,,翼蛇竜の皮,4,火竜の翼膜,2,のりこねバッタ,4,蟲のコイン,1
ガブラスーツウェア,0,2,2,1,3,99,8,58,2,-1,3,2,-2,属性解放,2,属性耐性,-1,毒,2,,,,,翼蛇竜の皮,4,火竜の翼膜,2,のりこねバッタ,4,蟲のコイン,1
カブラメイル,0,1,2,0,1,3,16,104,2,-3,-2,0,1,防御,1,採取,-3,体力,4,,,,,鬼蛙の鱗,2,鬼蛙の爪,1,草食竜の甲殻,3,のりこねバッタ,2
カブラレジスト,0,2,2,0,1,3,8,58,3,-2,-1,1,2,防御,1,採取,-3,体力,4,,,,,鬼蛙の鱗,2,鬼蛙の爪,1,草食竜の甲殻,3,のりこねバッタ,2
クックメイル,0,1,2,1,1,2,16,104,2,-1,-2,-3,2,攻撃,2,火属性攻撃,3,水耐性,-2,,,,,怪鳥の鱗,2,怪鳥の甲殻,3,怪鳥の翼膜,1,竜骨【小】,3
クックレジスト,0,2,2,1,1,2,8,58,3,0,-1,-2,3,攻撃,2,火属性攻撃,3,水耐性,-2,,,,,怪鳥の鱗,2,怪鳥の甲殻,3,怪鳥の翼膜,1,竜骨【小】,3
キングロブスタシェル,0,1,4,2,99,4,16,104,-2,5,-5,2,-2,回避性能,2,回避距離,1,火耐性,-3,,,,,エビの小殻,2,エビの尾扇,1,化け鮫のヒレ,1,氷結晶,10
キングロブスタスキン,0,2,4,2,99,4,8,58,-1,6,-4,3,-1,回避性能,2,回避距離,1,火耐性,-3,,,,,エビの小殻,2,エビの尾扇,1,化け鮫のヒレ,1,氷結晶,10
ボロスメイル,0,1,2,0,99,4,18,106,-4,4,1,-2,0,攻撃,1,防御,3,ガード性能,2,腹減り,-2,,,土砂竜の頭殻,1,土砂竜の甲殻,2,キラビートル,2,,
ボロスレジスト,0,2,2,0,99,4,8,58,-3,5,2,-1,1,攻撃,1,防御,3,精密射撃,2,腹減り,-2,,,土砂竜の頭殻,1,土砂竜の甲殻,2,キラビートル,2,,
インゴットメイル,0,1,3,1,3,5,18,106,-2,-2,2,0,0,ガード強化,1,納刀,1,雷属性攻撃,2,気まぐれ,-2,,,紅蓮石,1,ドラグライト鉱石,4,鉄鉱石,8,氷結晶,3
インゴットレジスト,0,2,3,1,3,5,8,58,-1,-1,3,1,1,反動,1,散弾強化,1,雷属性攻撃,2,気まぐれ,-2,,,紅蓮石,1,ドラグライト鉱石,4,鉄鉱石,8,氷結晶,3
バサルメイル,0,1,2,0,2,3,18,106,0,-2,1,1,-3,耐暑,2,毒,1,麻痺,-1,睡眠,4,,,岩竜の甲殻,5,マカライト鉱石,7,毒袋,3,岩竜の翼,1
バサルレジスト,0,2,2,0,2,3,9,59,1,-1,2,2,-2,耐暑,2,毒,1,麻痺,-1,睡眠,4,,,岩竜の甲殻,5,マカライト鉱石,7,毒袋,3,岩竜の翼,1
ガーディアンスーツ,1,1,4,1,2,99,18,106,0,0,0,0,0,採取,-2,運気,1,砲術,2,加護,2,,,ドラグライト鉱石,2,闘技王のコイン,3,牙獣のコイン,5,,
ガーディアンベスト,1,2,4,1,2,99,9,59,1,1,1,1,1,採取,-2,運気,1,広域,2,加護,2,,,ドラグライト鉱石,2,闘技王のコイン,3,牙獣のコイン,5,,
ヘルパースーツ,2,1,4,1,2,99,18,106,0,0,0,0,0,採取,-2,運気,1,砲術,2,加護,2,,,ドラグライト鉱石,2,闘技王のコイン,3,牙獣のコイン,5,,
ヘルパーベスト,2,2,4,1,2,99,9,59,1,1,1,1,1,採取,-2,運気,1,広域,2,加護,2,,,ドラグライト鉱石,2,闘技王のコイン,3,牙獣のコイン,5,,
ロワーガペット,1,1,4,1,3,5,18,106,-4,0,3,-1,1,属性解放,1,聴覚保護,3,龍属性攻撃,2,加護,-1,ハチミツ,3,オオクワアゲハ,2,レビテライト鉱石,1,キラビートル,2,のりこねバッタ,10
ロワーガペクトス,1,2,4,1,3,5,9,59,-3,1,4,0,2,属性解放,1,聴覚保護,3,龍属性攻撃,2,加護,-1,ハチミツ,3,オオクワアゲハ,2,レビテライト鉱石,1,キラビートル,2,のりこねバッタ,10
ファルメルペット,2,1,4,1,3,5,18,106,-4,0,3,-1,1,属性解放,1,聴覚保護,3,龍属性攻撃,2,加護,-1,ハチミツ,3,オオクワアゲハ,2,レビテライト鉱石,1,キラビートル,2,のりこねバッタ,10
ファルメルペクトス,2,2,4,1,3,5,9,59,-3,1,4,0,2,属性解放,1,聴覚保護,3,龍属性攻撃,2,加護,-1,ハチミツ,3,オオクワアゲハ,2,レビテライト鉱石,1,キラビートル,2,のりこねバッタ,10
マギュルトロンコ,0,1,4,0,99,4,19,107,-4,1,0,2,0,重撃,1,溜め短縮,1,調合成功率,2,調合数,2,回復速度,1,ペピポパンプキン,3,キラビートル,2,雷光虫,4,落陽草の根,10
マギュルシュタム,0,2,4,0,99,4,9,59,-3,2,1,3,1,重撃,1,溜め短縮,1,調合成功率,2,調合数,2,回復速度,1,ペピポパンプキン,3,キラビートル,2,雷光虫,4,落陽草の根,10
スキュラメイル,0,1,2,1,2,4,19,107,-2,2,-2,1,2,観察眼,3,腹減り,-2,高速設置,1,睡眠,1,,,影蜘蛛の棘,1,影蜘蛛の鋏角,2,影蜘蛛の甲殻,1,竜骨【中】,3
スキュラレジスト,0,2,2,1,2,4,9,59,-1,3,-1,2,3,観察眼,2,腹減り,-2,高速設置,2,睡眠,1,,,影蜘蛛の棘,1,影蜘蛛の鋏角,2,影蜘蛛の甲殻,1,竜骨【中】,3
フルフルメイル,0,1,2,2,2,4,19,107,-4,1,1,2,1,雷属性攻撃,2,回復量,1,気絶,-2,,,,,ブヨブヨした皮,2,鉄鉱石,8,とがった爪,2,モンスターの体液,2
フルフルレジスト,0,2,2,2,2,4,10,60,-3,2,2,3,2,雷属性攻撃,2,回復量,1,気絶,-2,,,,,ブヨブヨした皮,2,鉄鉱石,8,とがった爪,2,モンスターの体液,2
レイアメイル,0,1,2,0,2,4,19,107,2,0,-2,0,-3,体力,4,火属性攻撃,2,回復速度,-2,,,,,雌火竜の鱗,4,雌火竜の翼膜,3,火竜の骨髄,1,マカライト鉱石,5
レイアレジスト,0,2,2,0,2,4,10,60,3,1,-1,1,-2,体力,4,火属性攻撃,2,回復速度,-2,,,,,雌火竜の鱗,4,雌火竜の翼膜,3,火竜の骨髄,1,マカライト鉱石,5
アーティアメイル,0,1,3,1,3,5,20,108,0,-3,-3,1,2,ガード強化,5,研ぎ師,-3,気力回復,1,,,,,さびた破片,5,紅蓮石,2,ドラグライト鉱石,4,,
アーティアレジスト,0,2,3,1,3,5,10,60,1,-2,-2,2,3,装填速度,-3,反動,1,精密射撃,5,,,,,さびた破片,5,紅蓮石,2,ドラグライト鉱石,4,,
ザボアメイル,0,1,2,1,2,4,20,108,-2,2,-3,2,0,体力,2,氷属性攻撃,1,肉食,3,腹減り,-2,,,化け鮫の皮,3,化け鮫のヒレ,2,化け鮫の鱗,2,肉厚な皮,3
ザボアレジスト,0,2,2,1,2,4,10,60,-1,3,-2,3,1,体力,2,氷属性攻撃,1,肉食,3,腹減り,-2,,,化け鮫の皮,3,化け鮫のヒレ,2,化け鮫の鱗,2,肉厚な皮,3
ガララメイル,0,1,2,1,2,4,20,108,1,-2,0,-4,1,捕獲,1,聴覚保護,3,気まぐれ,-2,麻痺,1,,,絞蛇竜の鳴甲,2,絞蛇竜の皮,3,絞蛇竜の甲殻,3,ゲネポスの皮,3
ガララレジスト,0,2,2,1,2,4,10,60,2,-1,1,-3,2,捕獲,1,聴覚保護,2,気まぐれ,-2,麻痺,2,,,絞蛇竜の鳴甲,2,絞蛇竜の皮,3,絞蛇竜の甲殻,3,ゲネポスの皮,3
ガノスメイル,0,1,4,0,99,4,20,108,-4,3,-5,2,2,捕獲,3,スタミナ,2,耐暑,3,高速設置,1,,,水竜のヒレ,3,鮫肌の鱗,2,モンスターの体液,2,,
ガノスレジスト,0,2,4,0,99,4,10,60,-3,4,-4,3,3,捕獲,3,スタミナ,2,耐暑,3,高速設置,1,,,水竜のヒレ,3,鮫肌の鱗,2,モンスターの体液,2,,
ギルドバードスーツ,1,1,4,1,3,99,20,108,0,0,0,0,0,運気,2,広域,4,気配,-1,,,,,レビテライト鉱石,1,蟲のコイン,2,牙獣のコイン,5,闘技王のコイン,3
ギルドバードベスト,1,2,4,1,3,99,10,60,1,1,1,1,1,運気,2,広域,4,気配,-1,,,,,レビテライト鉱石,1,蟲のコイン,2,牙獣のコイン,5,闘技王のコイン,3
スカラースーツ,2,1,4,1,3,99,20,108,0,0,0,0,0,運気,2,広域,4,気配,-1,,,,,レビテライト鉱石,1,蟲のコイン,2,牙獣のコイン,5,闘技王のコイン,3
スカラーベスト,2,2,4,1,3,99,10,60,1,1,1,1,1,運気,2,広域,4,気配,-1,,,,,レビテライト鉱石,1,蟲のコイン,2,牙獣のコイン,5,闘技王のコイン,3
ジンオウメイル,0,1,3,0,3,5,21,109,0,-2,2,-4,1,本気,3,雷属性攻撃,1,気配,-2,,,,,雷狼竜の帯電毛,1,雷狼竜の甲殻,2,雷狼竜の蓄電殻,2,雷光虫,10
ジンオウレジスト,0,2,3,0,3,5,10,60,1,-1,3,-3,2,本気,3,雷属性攻撃,1,気配,-2,,,,,雷狼竜の帯電毛,1,雷狼竜の甲殻,2,雷狼竜の蓄電殻,2,雷光虫,10
セルタスメイル,0,1,3,1,3,5,21,109,-3,2,-1,-2,2,砲術,3,斬れ味,2,気力回復,-2,,,,,重甲虫の胸殻,4,重甲虫の円月尾,3,重甲虫の甲殻,2,甲虫の腹袋,4
セルタスレジスト,0,2,3,1,3,5,10,60,-2,3,0,-1,3,砲術,3,榴弾追加,2,気力回復,-2,,,,,重甲虫の胸殻,4,重甲虫の円月尾,3,重甲虫の甲殻,2,甲虫の腹袋,4
ハプルメイル,0,1,2,1,99,5,21,109,2,0,-2,-4,1,納刀,1,食事,2,,,,,,,潜口竜の皮,4,モンスターの体液,1,竜骨【大】,3,,
ハプルレジスト,0,2,2,1,99,5,10,60,3,1,-1,-3,2,納刀,1,食事,1,,,,,,,潜口竜の皮,4,モンスターの体液,1,竜骨【大】,3,,
ギザミメイル,0,1,2,0,99,5,21,109,1,2,-1,-1,0,斬れ味,2,研ぎ師,1,,,,,,,鎌蟹の甲殻,2,大地の結晶,4,キラビートル,1,,
ギザミレジスト,0,2,2,2,99,5,10,60,2,3,0,0,1,防御,-1,貫通弾追加,1,精密射撃,3,,,,,鎌蟹の甲殻,2,大地の結晶,4,キラビートル,1,,
ゴアメイル,0,1,3,0,3,5,21,109,-4,2,-3,1,-2,細菌学,2,匠,2,闘魂,2,火耐性,-3,,,黒蝕竜の鱗,3,黒蝕竜の暗翼,2,黒蝕竜の甲殻,3,黒蝕竜の尻尾,1
ゴアレジスト,0,2,3,0,3,5,11,61,-3,3,-2,2,-1,細菌学,2,闘魂,2,装填数,2,火耐性,-3,,,黒蝕竜の鱗,3,黒蝕竜の暗翼,2,黒蝕竜の甲殻,3,黒蝕竜の尻尾,1
レックスメイル,0,1,3,2,3,5,22,110,2,-1,-4,0,-2,攻撃,2,研ぎ師,-2,食いしん坊,1,,,,,轟竜の爪,5,轟竜の甲殻,3,轟竜の尻尾,1,肉厚な皮,6
レックスレジスト,0,2,3,2,3,5,11,61,3,0,-3,1,-1,反動,-2,攻撃,2,食いしん坊,1,,,,,轟竜の爪,5,轟竜の甲殻,3,轟竜の尻尾,1,肉厚な皮,6
ブラキメイル,0,1,3,1,3,6,22,110,2,-4,0,-2,0,闘魂,3,回避性能,-2,爆弾強化,2,,,,,砕竜の甲殻,4,砕竜の黒曜甲,3,ライトクリスタル,4,鎧竜の翼,2
ブラキレジスト,0,2,3,1,3,6,11,61,3,-3,1,-1,1,闘魂,3,回避性能,-2,爆弾強化,2,,,,,砕竜の甲殻,4,砕竜の黒曜甲,3,ライトクリスタル,4,鎧竜の翼,2
ナルガメイル,0,1,3,1,5,99,22,110,-2,1,-4,1,1,匠,2,回避性能,3,スタミナ,-2,回避距離,2,,,迅竜の黒毛,2,迅竜の骨髄,1,真珠色の柔皮,6,,
ナルガレジスト,0,2,3,1,5,99,11,61,-1,2,-3,2,2,回避性能,3,スタミナ,-2,回避距離,2,装填数,2,,,迅竜の黒毛,2,迅竜の骨髄,1,真珠色の柔皮,6,,
グラビドメイル,0,1,3,2,3,5,23,111,2,-3,0,1,-2,防御,2,ガード性能,1,スタミナ,-1,,,,,鎧竜の甲殻,5,鎧竜の翼,3,上竜骨,3,ドスイーオスの皮,2
グラビドレジスト,0,2,3,2,3,5,12,62,3,-2,1,2,-1,反動,1,防御,2,スタミナ,-1,,,,,鎧竜の甲殻,5,鎧竜の翼,3,上竜骨,3,ドスイーオスの皮,2
レウスメイル,0,1,3,0,3,5,23,111,2,0,-2,0,-3,攻撃,2,火属性攻撃,2,回復量,-2,,,,,火竜の甲殻,2,火竜の鱗,4,火竜の翼膜,3,ドラグライト鉱石,3
レウスレジスト,0,2,3,0,3,5,12,62,3,1,-1,1,-2,攻撃,2,火属性攻撃,1,回復量,-2,,,,,火竜の甲殻,2,火竜の鱗,4,火竜の翼膜,3,ドラグライト鉱石,3
ラヴァメイル,0,1,3,2,99,6,23,111,2,-3,0,0,1,ガード性能,2,回復速度,2,気配,-2,,,,,溶岩竜の鱗,2,溶岩竜のヒレ,3,火炎袋,2,,
ラヴァレジスト,0,2,3,2,99,6,12,62,3,-2,1,1,2,反動,2,回復速度,2,気配,-2,,,,,溶岩竜の鱗,2,溶岩竜のヒレ,3,火炎袋,2,,
ディアブロメイル,0,1,3,1,99,6,23,111,2,0,0,-4,0,匠,2,抜刀会心,2,研ぎ師,-2,納刀,1,耐震,2,上質なねじれた角,1,角竜の甲殻,3,垂皮竜の皮,3,,
ディアブロレジスト,0,2,3,1,99,6,12,62,3,1,1,-3,1,装填速度,3,納刀,1,装填数,2,貫通弾強化,1,精密射撃,-2,上質なねじれた角,1,角竜の甲殻,3,垂皮竜の皮,3,,
ガルルガメイル,0,1,3,1,3,5,24,112,1,-3,1,-2,0,剣術,-1,達人,1,聴覚保護,4,,,,,黒狼鳥の鱗,4,黒狼鳥の甲殻,5,黒狼鳥の翼,3,ドスゲネポスの皮,2
ガルルガレジスト,0,2,3,1,3,5,12,62,2,-2,2,-1,1,達人,1,聴覚保護,4,スタミナ,-1,,,,,黒狼鳥の鱗,4,黒狼鳥の甲殻,5,黒狼鳥の翼,3,ドスゲネポスの皮,2
ガンキンメイル,0,1,3,1,99,5,24,112,2,-4,1,-1,-2,防御,2,スタミナ,-1,減気攻撃,2,,,,,爆鎚竜の耐熱殻,1,盾虫の甲殻,2,上竜骨,3,,
ガンキンレジスト,0,2,3,1,99,5,12,62,3,-3,2,0,-1,防御,2,スタミナ,-1,通常弾強化,2,,,,,爆鎚竜の耐熱殻,1,盾虫の甲殻,2,上竜骨,3,,
ドボルメイル,0,1,3,2,99,6,24,112,-4,2,1,-2,1,攻撃,1,達人,-1,回復速度,2,,,,,尾槌竜の角,2,上竜骨,2,暖かい毛皮,4,,
ドボルレジスト,0,2,3,2,99,6,12,62,-3,3,2,-1,2,攻撃,1,達人,-1,回復速度,2,,,,,尾槌竜の角,2,上竜骨,2,暖かい毛皮,4,,
アークメイル,1,1,3,1,7,6,24,112,-3,3,0,1,-5,本気,2,火耐性,-3,狂撃耐性,2,,,,,天廻龍の鱗,3,天廻龍の虹翼,2,天廻龍の甲殻,3,天廻龍の尻尾,1
アークレジスト,1,2,3,1,7,6,12,62,-2,4,1,2,-4,本気,2,火耐性,-3,狂撃耐性,2,,,,,天廻龍の鱗,3,天廻龍の虹翼,2,天廻龍の甲殻,3,天廻龍の尻尾,1
フィリアメイル,2,1,3,1,7,6,24,112,-3,3,0,1,-5,本気,2,火耐性,-3,狂撃耐性,2,,,,,天廻龍の鱗,3,天廻龍の虹翼,2,天廻龍の甲殻,3,天廻龍の尻尾,1
フィリアレジスト,2,2,3,1,7,6,12,62,-2,4,1,2,-4,本気,2,火耐性,-3,狂撃耐性,2,,,,,天廻龍の鱗,3,天廻龍の虹翼,2,天廻龍の甲殻,3,天廻龍の尻尾,1
残陽【胴当て】,1,1,3,1,4,6,26,112,2,1,-3,2,-3,抜刀減気,1,達人,2,底力,-3,スタミナ,2,,,豪山龍の甲岩殻,6,荒々しい龍角,4,豪龍岩,2,とがった牙,5
東雲【胴当て】,1,2,3,1,4,6,13,62,3,2,-2,3,-2,装填速度,-3,スタミナ,2,無傷,1,貫通弾強化,2,,,豪山龍の甲岩殻,6,荒々しい龍角,4,豪龍岩,2,とがった牙,5
常磐【胸当て】,2,1,3,1,4,6,26,112,2,1,-3,2,-3,抜刀減気,1,達人,2,底力,-3,スタミナ,2,,,豪山龍の甲岩殻,6,荒々しい龍角,4,豪龍岩,2,とがった牙,5
八千代【胸当て】,2,2,3,1,4,6,13,62,3,2,-2,3,-2,装填速度,-3,スタミナ,2,無傷,1,貫通弾強化,2,,,豪山龍の甲岩殻,6,荒々しい龍角,4,豪龍岩,2,とがった牙,5
キリンベスト,0,1,3,1,3,6,26,112,-2,-2,4,0,2,属性耐性,2,運気,-2,属性攻撃,3,,,,,キリンの皮,3,ブヨブヨした皮,3,ゴム質の皮,2,ライトクリスタル,1
キリンケープ,0,2,3,1,3,6,13,62,-1,-1,5,1,3,属性耐性,2,運気,-2,属性攻撃,3,,,,,キリンの皮,3,ブヨブヨした皮,3,ゴム質の皮,2,ライトクリスタル,1
暁丸【胴当て】,1,1,3,1,99,6,26,112,-2,2,0,2,-4,剣術,1,スタミナ,-2,加護,3,,,,,老山龍の甲殻,4,紅蓮石,2,轟竜の頭殻,1,,
曙丸【胴当て】,1,2,3,1,99,6,13,62,-1,3,1,3,-3,スタミナ,-2,装填数,2,加護,3,,,,,老山龍の甲殻,4,紅蓮石,2,轟竜の頭殻,1,,
凛【胸当て】,2,1,3,1,99,6,26,112,-2,2,0,2,-4,剣術,1,スタミナ,-2,加護,3,,,,,老山龍の甲殻,4,紅蓮石,2,轟竜の頭殻,1,,
艶【胸当て】,2,2,3,1,99,6,13,62,-1,3,1,3,-3,スタミナ,-2,装填数,2,加護,3,,,,,老山龍の甲殻,4,紅蓮石,2,轟竜の頭殻,1,,
モンハン部ジャケット,0,1,7,0,1,99,15,109,3,3,3,3,3,加護,10,,,,,,,,,モンハン部入部届,3,縞模様の皮,3,翼蛇竜の皮,3,ギルドチケット,1
モンハン部ジャージ,0,2,7,0,1,99,8,63,4,4,4,4,4,加護,10,,,,,,,,,モンハン部入部届,3,縞模様の皮,3,翼蛇竜の皮,3,ギルドチケット,1
狩猟戦線ジャケット,0,1,7,0,1,99,15,109,2,2,2,2,2,本気,10,,,,,,,,,モンハン部入部届,1,縞模様の皮,4,翼蛇竜の頭,2,ギルドチケット,1
狩猟戦線ライダース,0,2,7,0,1,99,8,63,3,3,3,3,3,本気,10,,,,,,,,,モンハン部入部届,1,縞模様の皮,4,翼蛇竜の頭,2,ギルドチケット,1
武装戦線ジャケット,0,1,7,0,1,99,23,109,2,2,2,2,2,逆境,10,,,,,,,,,武装への招待状,2,重甲虫の胸殻,1,徹甲虫の甲殻,3,重甲エキス,1
武装戦線ライダース,0,2,7,0,1,99,12,63,3,3,3,3,3,逆境,10,,,,,,,,,武装への招待状,2,重甲虫の胸殻,1,徹甲虫の甲殻,3,重甲エキス,1
ブルースタースーツ,0,1,7,2,1,99,26,110,1,1,1,1,1,闘魂,2,水属性攻撃,2,采配,1,,,,,スタジオパス,1,火竜の甲殻,4,火竜の延髄,2,狂竜結晶,2
ブルースターベスト,0,2,7,2,1,99,13,64,2,2,2,2,2,闘魂,1,水属性攻撃,2,采配,1,,,,,スタジオパス,1,火竜の甲殻,4,火竜の延髄,2,狂竜結晶,2
ブレイブＳメイル,0,1,4,0,4,99,18,100,3,0,0,0,2,採取,2,体力,-1,回復速度,2,乗り,2,,,天空の結晶,2,上質な毛皮,1,ランポスの上皮,2,鉄鉱石,8
ブレイブＳレジスト,0,2,4,0,4,99,9,59,4,1,1,1,3,採取,2,体力,-1,回復速度,2,乗り,2,,,天空の結晶,2,上質な毛皮,1,ランポスの上皮,2,鉄鉱石,8
レザーＳメイル,0,1,4,1,4,99,22,100,-2,0,0,0,2,採取,3,運気,-1,高速収集,2,,,,,上質な毛皮,1,上竜骨,2,カブレライト鉱石,1,,
レザーＳレジスト,0,2,4,1,4,99,11,59,-1,1,1,1,3,採取,3,運気,-1,高速収集,2,,,,,上質な毛皮,1,上竜骨,2,カブレライト鉱石,1,,
チェーンＳメイル,0,1,4,2,4,99,23,101,2,2,-3,1,0,体力,2,調合成功率,2,腹減り,1,睡眠,-2,,,カブレライト鉱石,2,ドラグライト鉱石,1,大地の結晶,2,ドスヘラクレス,2
チェーンＳレジスト,0,2,4,2,4,99,11,59,3,3,-2,2,1,体力,2,調合成功率,2,腹減り,1,睡眠,-2,,,カブレライト鉱石,2,ドラグライト鉱石,1,大地の結晶,2,ドスヘラクレス,2
ハンターＳメイル,0,1,4,1,4,99,26,102,0,2,-4,0,0,千里眼,1,調合成功率,2,狩人,1,毒,-2,,,カブレライト鉱石,1,ジャギィの上鱗,3,氷結晶,3,鉄鉱石,5
ハンターＳレジスト,0,2,4,1,4,99,13,59,1,3,-3,1,1,千里眼,1,調合成功率,1,狩人,1,毒,-2,,,カブレライト鉱石,1,ジャギィの上鱗,3,氷結晶,3,鉄鉱石,5
ボーンＳメイル,0,1,4,0,4,99,27,103,2,0,-1,-3,0,KO,2,観察眼,1,笛,1,睡眠,-2,,,堅牢な骨,1,竜骨【小】,5,とがった牙,5,,
ボーンＳレジスト,0,2,4,0,4,99,13,59,3,1,0,-2,1,KO,2,観察眼,1,笛,1,睡眠,-2,,,堅牢な骨,1,竜骨【小】,5,とがった牙,5,,
アロイＳメイル,0,1,4,0,4,99,28,102,-1,2,-3,-2,0,防御,1,採取,-2,達人,2,風圧,3,,,カブレライト鉱石,2,レビテライト鉱石,2,マカライト鉱石,7,鉄鉱石,10
アロイＳレジスト,0,2,4,0,4,99,14,59,0,3,-2,-1,1,装填速度,1,採取,-2,散弾強化,2,散弾追加,2,,,カブレライト鉱石,2,レビテライト鉱石,2,マカライト鉱石,7,鉄鉱石,10
リノプロＳメイル,0,1,4,1,4,99,31,103,2,-1,-1,-1,1,砲術,1,KO,1,気絶,-3,耐泥耐雪,2,,,草食竜の堅殻,1,草食竜の頭殻,1,カブレライト鉱石,2,,
リノプロＳレジスト,0,2,4,1,4,99,15,60,3,0,0,0,2,砲術,2,KO,1,気絶,-3,耐泥耐雪,2,,,草食竜の堅殻,1,草食竜の頭殻,1,カブレライト鉱石,2,,
ブナハＳスーツ,0,1,4,0,4,99,33,102,-5,-1,2,-1,3,攻撃,-2,特殊攻撃,2,納刀,2,麻痺,1,,,飛甲虫の堅殻,2,飛甲虫の甲殻,3,モンスターの濃汁,2,ドスヘラクレス,2
ブナハＳベスト,0,2,4,0,4,99,16,60,-4,0,3,0,4,攻撃,-2,特殊攻撃,1,納刀,3,麻痺,1,,,飛甲虫の堅殻,2,飛甲虫の甲殻,3,モンスターの濃汁,2,ドスヘラクレス,2
ズワロＳマント,0,1,4,0,4,99,36,103,-4,3,0,-2,2,体力,8,回復速度,3,,,,,,,垂皮竜の上皮,2,垂皮竜の皮,5,上質な毛皮,2,,
ズワロＳケープ,0,2,4,0,4,99,18,61,-3,4,1,-1,3,体力,8,回復速度,3,,,,,,,垂皮竜の上皮,2,垂皮竜の皮,5,上質な毛皮,2,,
ジャギィＳメイル,0,1,4,1,4,99,36,103,-4,0,0,0,2,攻撃,2,研ぎ師,1,効果持続,-2,気絶,2,,,狗竜の尖爪,4,狗竜の上皮,4,ジャギィの皮,3,カブレライト鉱石,2
ジャギィＳレジスト,0,2,4,1,4,99,18,61,-3,1,1,1,3,装填速度,1,攻撃,2,効果持続,-2,気絶,2,,,狗竜の尖爪,4,狗竜の上皮,4,ジャギィの皮,3,カブレライト鉱石,2
ゲネポスＳメイル,0,1,4,2,4,99,36,103,1,1,-3,-5,3,特殊攻撃,2,麻痺,1,,,,,,,ドスゲネポスの尾,2,ゲネポスの上鱗,2,麻痺袋,2,上質な腹袋,3
ゲネポスＳレジスト,0,2,4,2,4,99,18,61,2,2,-2,-4,4,特殊攻撃,2,麻痺,1,,,,,,,ドスゲネポスの尾,2,ゲネポスの上鱗,2,麻痺袋,2,上質な腹袋,3
ランゴメイル,0,1,4,1,4,99,36,103,-5,-5,2,-4,2,特殊攻撃,2,毒,-2,麻痺,2,,,,,ランゴスタの薄羽,5,飛甲虫の羽,6,上質な腹袋,2,,
ランゴレジスト,0,2,4,1,4,99,18,61,-4,-4,3,-3,3,特殊攻撃,2,毒,-2,麻痺,2,,,,,ランゴスタの薄羽,5,飛甲虫の羽,6,上質な腹袋,2,,
ペッコメイル,0,1,4,1,4,99,36,103,2,-1,0,-3,0,氷耐性,-2,観察眼,2,広域,2,笛,2,,,徹甲虫の薄羽,3,極彩色の羽根,1,モンスターの濃汁,2,,
ペッコレジスト,0,2,4,1,4,99,18,61,3,0,1,-2,1,氷耐性,-2,観察眼,2,広域,2,笛,2,,,徹甲虫の薄羽,3,極彩色の羽根,1,モンスターの濃汁,2,,
コンガＳメイル,0,1,4,0,4,99,38,103,-4,1,1,-1,3,細菌学,3,特殊攻撃,1,食いしん坊,2,腹減り,-2,,,桃毛獣の剛毛,3,コンガの剛毛,4,獣骨,6,ドスヘラクレス,3
コンガＳレジスト,0,2,4,0,4,99,19,61,-3,2,2,0,4,細菌学,3,特殊攻撃,1,食いしん坊,2,腹減り,-2,,,桃毛獣の剛毛,3,コンガの剛毛,4,獣骨,6,ドスヘラクレス,3
コンガＵメイル,0,1,5,0,4,99,40,103,1,0,0,-4,3,底力,2,爆弾強化,2,腹減り,-1,,,,,緑毛獣の剛毛,3,コンガの剛毛,4,獣骨,6,キラビートル,3
コンガＵレジスト,0,2,5,0,4,99,20,61,2,1,1,-3,4,底力,2,爆弾強化,2,腹減り,-1,,,,,緑毛獣の剛毛,3,コンガの剛毛,4,獣骨,6,キラビートル,3
ランポスＳメイル,0,1,4,1,4,99,38,103,0,0,0,-5,3,匠,2,攻撃,3,麻痺,-2,気絶,2,,,ランポスの尖爪,4,ランポスの上皮,3,強靭な鳥竜皮,3,カブレライト鉱石,2
ランポスＳレジスト,0,2,4,1,4,99,19,61,1,1,1,-4,4,攻撃,2,装填数,1,麻痺,-2,気絶,2,,,ランポスの尖爪,4,ランポスの上皮,3,強靭な鳥竜皮,3,カブレライト鉱石,2
ガレオスメイル,0,1,4,2,4,99,40,103,-3,2,-4,2,0,千里眼,2,耐暑,2,腹減り,2,気絶,-1,,,砂竜の上鱗,2,砂竜の上ヒレ,2,ライトクリスタル,2,鉄鉱石,10
ガレオスレジスト,0,2,4,2,4,99,20,61,-2,3,-3,3,1,千里眼,3,耐暑,2,腹減り,2,気絶,-1,,,砂竜の上鱗,2,砂竜の上ヒレ,2,ライトクリスタル,2,鉄鉱石,10
ザザミメイル,0,1,4,2,4,99,40,103,-3,3,-4,0,1,防御,1,ガード性能,2,雷耐性,-2,,,,,盾蟹の堅殻,3,盾蟹の尖爪,1,ドスヘラクレス,3,堅牢な骨,3
ザザミレジスト,0,2,4,2,4,99,20,61,-2,4,-3,1,2,防御,1,精密射撃,2,雷耐性,-2,,,,,盾蟹の堅殻,3,盾蟹の尖爪,1,ドスヘラクレス,3,堅牢な骨,3
ガブラスーツＳボディ,0,1,4,2,5,99,40,103,2,-3,3,2,-4,属性解放,2,属性耐性,-1,減気攻撃,2,,,,,翼蛇竜の上皮,3,翼蛇竜の皮,4,火竜の翼,2,ガマのコイン,1
ガブラスーツＳウェア,0,2,4,2,5,99,20,61,3,-2,4,3,-3,属性解放,2,属性耐性,-1,減気攻撃,2,,,,,翼蛇竜の上皮,3,翼蛇竜の皮,4,火竜の翼,2,ガマのコイン,1
イーオスーツボディ,0,1,5,1,5,99,41,102,2,1,1,1,1,運気,2,毒,3,気絶,-2,,,,,イーオスの上鱗,2,ドスイーオスの皮,2,コンガの剛毛,5,上質な鳥竜骨,5
イーオスーツウェア,0,2,5,1,5,99,21,62,3,2,2,2,2,採取,-2,運気,3,火耐性,2,,,,,イーオスの上鱗,2,ドスイーオスの皮,2,コンガの剛毛,5,上質な鳥竜骨,5
ケチャＳメイル,0,1,4,2,4,99,43,104,-5,3,-3,0,3,運気,-1,水属性攻撃,1,体術,1,気まぐれ,1,,,奇猿狐の大耳,2,奇猿狐の剛毛,2,堅牢な骨,1,ドスヘラクレス,2
ケチャＳレジスト,0,2,4,2,4,99,21,62,-4,4,-2,1,4,運気,-1,水属性攻撃,1,体術,1,気まぐれ,1,,,奇猿狐の大耳,2,奇猿狐の剛毛,2,堅牢な骨,1,ドスヘラクレス,2
クックＳメイル,0,1,4,2,4,99,43,104,3,0,-2,-4,2,攻撃,3,火耐性,4,,,,,,,怪鳥の上鱗,2,怪鳥の堅殻,3,怪鳥の翼膜,1,上竜骨,3
クックＳレジスト,0,2,4,2,4,99,21,62,4,1,-1,-3,3,攻撃,3,火耐性,4,,,,,,,怪鳥の上鱗,2,怪鳥の堅殻,3,怪鳥の翼膜,1,上竜骨,3
クックＵメイル,0,1,5,2,4,99,47,106,3,-4,-3,0,2,達人,2,聴覚保護,-2,スタミナ,3,,,,,青怪鳥の上鱗,2,青怪鳥の堅殻,3,強靭な鳥竜皮,1,堅牢な骨,3
クックＵレジスト,0,2,5,2,4,99,23,62,4,-3,-2,1,3,達人,2,聴覚保護,-2,スタミナ,3,,,,,青怪鳥の上鱗,2,青怪鳥の堅殻,3,強靭な鳥竜皮,1,堅牢な骨,3
オウビートペット,1,1,5,1,5,99,43,104,3,-5,3,-4,2,採取,2,回避性能,2,特殊攻撃,2,耐寒,-2,,,オオツノアゲハ,2,マレコガネ,1,ドスヘラクレス,4,猛毒袋,2
オウビートペクトス,1,2,5,1,5,99,21,62,4,-4,5,-3,2,採取,2,回避性能,2,特殊攻撃,2,耐寒,-2,,,オオツノアゲハ,2,マレコガネ,1,ドスヘラクレス,4,猛毒袋,2
パピメルペット,2,1,5,1,5,99,43,104,3,-5,3,-4,2,採取,2,回避性能,2,特殊攻撃,2,耐寒,-2,,,オオツノアゲハ,2,マレコガネ,1,ドスヘラクレス,4,猛毒袋,2
パピメルペクトス,2,2,5,1,5,99,21,62,4,-4,5,-3,2,採取,2,回避性能,2,特殊攻撃,2,耐寒,-2,,,オオツノアゲハ,2,マレコガネ,1,ドスヘラクレス,4,猛毒袋,2
イーオスＳメイル,0,1,4,2,5,99,44,105,0,-4,-4,3,3,特殊攻撃,2,毒,1,気絶,-2,,,,,イーオスの上鱗,2,イーオスの上皮,3,カブレライト鉱石,4,堅牢な骨,3
イーオスＳレジスト,0,2,4,2,5,99,22,62,1,-3,-3,4,4,特殊攻撃,2,毒,1,気絶,-2,,,,,イーオスの上鱗,2,イーオスの上皮,3,カブレライト鉱石,4,堅牢な骨,3
ドーベルメイル,0,1,6,1,4,99,47,106,-2,0,0,0,3,龍属性攻撃,1,気力回復,1,腹減り,-2,耐震,3,,,いにしえの龍骨,3,影蜘蛛の上棘,3,尖竜骨,5,竜骨【小】,20
ドーベルレジスト,0,2,6,1,4,99,24,62,-1,1,1,1,4,装填速度,3,龍属性攻撃,1,気力回復,1,腹減り,-2,,,いにしえの龍骨,3,影蜘蛛の上棘,3,尖竜骨,5,竜骨【小】,20
ウルクＳメイル,0,1,4,1,5,99,45,106,-3,2,-1,2,2,回避距離,2,効果持続,2,耐暑,-2,耐寒,2,,,白兎獣の堅腹甲,3,白兎獣の剛毛,3,ジャギィの上鱗,6,ドラグライト鉱石,4
ウルクＳレジスト,0,2,4,1,5,99,22,62,-2,3,0,3,3,回避距離,2,効果持続,2,耐暑,-2,耐寒,2,,,白兎獣の堅腹甲,3,白兎獣の剛毛,3,ジャギィの上鱗,6,ドラグライト鉱石,4
ホークスーツ,1,1,6,3,5,99,45,106,2,-1,1,0,2,狩人,1,指揮,1,腹減り,-3,,,,,旅団チケット,1,オトモチケット,2,オオクワアゲハ,3,天空の結晶,3
ホークベスト,1,2,6,3,5,99,23,62,3,0,2,1,3,狩人,1,指揮,1,腹減り,-3,,,,,旅団チケット,1,オトモチケット,2,オオクワアゲハ,3,天空の結晶,3
エコールスーツ,2,1,6,3,5,99,45,106,2,-1,1,0,2,狩人,1,指揮,1,腹減り,-3,,,,,旅団チケット,1,オトモチケット,2,オオクワアゲハ,3,天空の結晶,3
エコールベスト,2,2,6,3,5,99,23,62,3,0,2,1,3,狩人,1,指揮,1,腹減り,-3,,,,,旅団チケット,1,オトモチケット,2,オオクワアゲハ,3,天空の結晶,3
ゲリョスＳメイル,0,1,5,1,4,99,47,106,-5,2,3,-2,0,スタミナ,3,腹減り,-2,毒,2,,,,,ゴム質の上皮,5,モンスターの濃汁,3,大地の結晶,5,ドスゲネポスの皮,3
ゲリョスＳレジスト,0,2,5,1,4,99,23,62,-4,3,4,-1,1,スタミナ,3,腹減り,-2,毒,3,,,,,ゴム質の上皮,5,モンスターの濃汁,3,大地の結晶,5,ドスゲネポスの皮,3
ゲリョスＵメイル,0,1,6,2,4,99,48,107,-5,2,3,-2,0,達人,-2,風圧,1,気絶,2,,,,,ゴム質の紫皮,4,モンスターの濃汁,3,大地の結晶,5,ドスヘラクレス,2
ゲリョスＵレジスト,0,2,6,2,4,99,24,62,-4,3,4,-1,1,達人,-2,風圧,1,気絶,2,,,,,ゴム質の紫皮,4,モンスターの濃汁,3,大地の結晶,5,ドスヘラクレス,2
ラングロメイル,0,1,4,1,5,99,47,106,1,-3,0,-1,1,細菌学,3,回避性能,2,耐寒,-3,耐震,1,,,赤甲獣の堅殻,4,堅牢な骨,2,カブレライト鉱石,3,,
ラングロレジスト,0,2,4,1,5,99,24,63,2,-2,1,0,2,細菌学,3,回避性能,2,耐寒,-3,耐震,1,,,赤甲獣の堅殻,4,堅牢な骨,2,カブレライト鉱石,3,,
カブラＳメイル,0,1,5,1,4,99,48,107,3,-5,-4,0,2,防御,2,採取,-3,体力,3,研ぎ師,1,,,鬼蛙の上鱗,3,鬼蛙の尖爪,2,草食竜の堅殻,3,カワズの殿油,3
カブラＳレジスト,0,2,5,1,4,99,24,62,4,-4,-3,1,3,装填速度,1,防御,2,採取,-3,体力,3,,,鬼蛙の上鱗,3,鬼蛙の尖爪,2,草食竜の堅殻,3,カワズの殿油,3
スキュラＳメイル,0,1,5,1,4,99,48,107,-3,3,-3,2,3,達人,1,観察眼,3,腹減り,-3,高速設置,1,毒,1,影蜘蛛の堅鋏角,4,影蜘蛛の堅殻,3,影蜘蛛の上棘,2,モンスターの濃汁,5
スキュラＳレジスト,0,2,5,1,4,99,24,62,-2,4,-2,3,4,達人,1,観察眼,2,腹減り,-3,高速設置,2,毒,1,影蜘蛛の堅鋏角,4,影蜘蛛の堅殻,3,影蜘蛛の上棘,2,モンスターの濃汁,5
フルフルＳメイル,0,1,5,1,5,99,50,107,-5,1,1,2,1,雷属性攻撃,2,広域,3,回復速度,1,気絶,-1,,,アルビノの霜降り,1,真珠色の柔皮,3,モンスターの濃汁,6,生命の粉塵,3
フルフルＳレジスト,0,2,5,1,5,99,25,63,-4,2,2,3,2,雷属性攻撃,2,広域,3,回復速度,1,気絶,-1,,,アルビノの霜降り,1,真珠色の柔皮,3,モンスターの濃汁,6,生命の粉塵,3
フルフルＵメイル,0,1,6,2,5,99,51,108,1,-5,1,2,1,回復量,1,広域,2,回復速度,-2,,,,,魅惑色の柔皮,3,アルビノの霜降り,1,堅竜骨,1,生命の粉塵,3
フルフルＵレジスト,0,2,6,2,5,99,26,63,2,-4,2,3,2,回復量,1,広域,2,回復速度,-2,,,,,魅惑色の柔皮,3,アルビノの霜降り,1,堅竜骨,1,生命の粉塵,3
レイアＳメイル,0,1,5,1,5,99,50,107,3,0,-2,0,-4,体力,1,火属性攻撃,1,回復量,4,回復速度,-3,,,雌火竜の上鱗,4,火竜の延髄,1,雌火竜の逆鱗,1,紅蓮石,2
レイアＳレジスト,0,2,5,1,5,99,25,63,4,1,-1,1,-3,体力,1,火属性攻撃,2,回復量,4,回復速度,-2,,,雌火竜の上鱗,4,火竜の延髄,1,雌火竜の逆鱗,1,紅蓮石,2
リオハートメイル,0,1,6,1,5,99,51,108,3,0,-2,0,-4,底力,2,火属性攻撃,3,風圧,3,気配,-1,,,桜火竜の上鱗,3,桜火竜の堅殻,2,カブレライト鉱石,4,雌火竜の紅玉,1
リオハートレジスト,0,2,6,1,5,99,26,63,4,1,-1,1,-3,底力,2,火属性攻撃,2,風圧,3,気配,-1,,,桜火竜の上鱗,3,桜火竜の堅殻,2,カブレライト鉱石,4,雌火竜の紅玉,1
ゴールドルナメイル,0,1,7,2,7,99,81,118,2,-4,-7,0,4,運気,2,重撃,1,雷耐性,-2,加護,2,,,金火竜の上鱗,5,火竜の延髄,5,雌火竜の逆鱗,2,フルクライト鉱石,4
ゴールドルナレジスト,0,2,7,2,7,99,41,67,3,-3,-6,1,5,運気,2,重撃,1,雷耐性,-2,加護,1,,,金火竜の上鱗,5,火竜の延髄,5,雌火竜の逆鱗,2,フルクライト鉱石,4
EXレイアメイル,0,1,7,1,8,99,50,107,3,0,-2,0,-4,頑強,3,匠,1,回復量,3,気力回復,-2,,,希望の証,1,雌火竜の上鱗,5,雌火竜の逆鱗,1,ユニオン鉱石,3
EXレイアレジスト,0,2,7,1,8,99,25,63,4,1,-1,1,-3,頑強,3,装填数,1,回復量,3,気力回復,-2,,,希望の証,1,雌火竜の上鱗,5,雌火竜の逆鱗,1,ユニオン鉱石,3
バサルＳメイル,0,1,5,1,5,99,50,107,-1,-2,1,1,-3,納刀,1,食事,3,腹減り,-2,耐泥耐雪,2,,,岩竜の堅殻,5,紅蓮石,1,猛毒袋,3,ドラグライト鉱石,10
バサルＳレジスト,0,2,5,1,5,99,25,63,0,-1,2,2,-2,納刀,1,食事,3,腹減り,-2,耐泥耐雪,2,,,岩竜の堅殻,5,紅蓮石,1,猛毒袋,3,ドラグライト鉱石,10
バサルＵメイル,0,1,6,1,5,99,53,110,0,-2,0,-3,1,ガード性能,3,耐暑,1,毒,2,麻痺,-2,,,桃岩竜の堅殻,5,獄炎石,1,桃岩竜の翼,1,ドラグライト鉱石,10
バサルＵレジスト,0,2,6,1,5,99,27,63,1,-1,1,-2,2,通常弾強化,2,耐暑,1,毒,2,麻痺,-2,,,桃岩竜の堅殻,5,獄炎石,1,桃岩竜の翼,1,ドラグライト鉱石,10
アーティアＳメイル,0,1,5,2,5,99,51,108,0,-3,-3,2,3,属性解放,1,抜刀会心,2,ガード強化,4,,,,,太古の破片,5,フルクライト鉱石,2,さびた破片,2,ライトクリスタル,6
アーティアＳレジスト,0,2,5,2,5,99,26,63,1,-2,-2,3,4,反動,3,速射,3,装填数,1,,,,,太古の破片,5,フルクライト鉱石,2,さびた破片,2,ライトクリスタル,6
ジンオウＳメイル,0,1,5,3,5,99,52,109,0,-2,3,-4,1,本気,1,無傷,2,雷属性攻撃,1,気配,-1,,,雷狼竜の高電毛,4,雷狼竜の堅殻,5,雷狼竜の碧玉,1,雷光虫,20
ジンオウＳレジスト,0,2,5,3,5,99,26,63,1,-1,4,-3,2,本気,1,回避性能,2,雷属性攻撃,1,気配,-1,,,雷狼竜の高電毛,4,雷狼竜の堅殻,5,雷狼竜の碧玉,1,雷光虫,20
ジンオウＵメイル,0,1,6,1,6,99,53,110,0,-4,-5,0,4,回避性能,1,溜め短縮,3,無傷,1,龍属性攻撃,2,回復量,-2,獄狼竜の龍毛,4,獄狼竜の堅殻,5,獄狼竜の昏玉,1,龍殺しの実,20
ジンオウＵレジスト,0,2,6,1,6,99,27,63,1,-3,-4,1,5,回避性能,2,無傷,1,装填数,3,龍属性攻撃,2,回復量,-1,獄狼竜の龍毛,4,獄狼竜の堅殻,5,獄狼竜の昏玉,1,龍殺しの実,20
ゴアＳメイル,0,1,6,1,5,99,52,109,-5,3,-3,2,-2,細菌学,2,闘魂,2,火耐性,-2,狂撃耐性,3,,,黒蝕竜の上鱗,3,黒蝕竜の闇玉,1,穢れた竜鱗,5,翼蛇竜の上皮,5
ゴアＳレジスト,0,2,6,1,5,99,26,63,-4,4,-2,3,-1,細菌学,2,闘魂,2,火耐性,-2,狂撃耐性,3,,,黒蝕竜の上鱗,3,黒蝕竜の闇玉,1,穢れた竜鱗,5,翼蛇竜の上皮,5
ガブルメイル,0,1,5,1,5,99,52,109,-2,3,-4,0,1,達人,3,食事,1,回復速度,-2,,,,,灯魚竜の上皮,3,灯魚竜の上棘,1,カワズの殿油,3,鳥竜玉,3
ガブルレジスト,0,2,5,1,5,99,26,63,-1,4,-3,1,2,達人,3,食事,1,回復速度,-2,,,,,灯魚竜の上皮,3,灯魚竜の上棘,1,カワズの殿油,3,鳥竜玉,3
ギルドナイトスーツ,1,1,6,2,8,99,52,109,0,0,0,0,0,匠,1,剥ぎ取り,1,広域,4,気配,-1,,,希望の証,1,黒狼鳥の上鱗,4,岩竜の涙,1,,
ギルドナイトベスト,1,2,6,2,8,99,26,63,1,1,1,1,1,剥ぎ取り,1,装填数,1,広域,4,気配,-1,,,希望の証,1,黒狼鳥の上鱗,4,岩竜の涙,1,,
メイドスーツ,2,1,6,2,8,99,52,109,0,0,0,0,0,匠,1,剥ぎ取り,1,広域,4,気配,-1,,,希望の証,1,黒狼鳥の上鱗,4,岩竜の涙,1,,
メイドベスト,2,2,6,2,8,99,26,63,1,1,1,1,1,剥ぎ取り,1,装填数,1,広域,4,気配,-1,,,希望の証,1,黒狼鳥の上鱗,4,岩竜の涙,1,,
城塞遊撃隊【胴巻】,0,1,6,0,6,99,53,110,0,0,0,0,0,匠,1,剥ぎ取り,3,根性,2,回復量,3,気配,-2,飛竜のコイン,2,狩猟王のコイン,3,電撃袋,4,,
城塞弓撃隊【胴巻】,0,2,6,0,6,99,27,63,1,1,1,1,1,剥ぎ取り,3,根性,2,装填数,1,回復量,2,気配,-3,飛竜のコイン,2,狩猟王のコイン,3,電撃袋,4,,
セルタスＳメイル,0,1,5,1,5,99,53,110,-4,3,-1,-3,3,砲術,3,斬れ味,2,気力回復,-3,,,,,重甲虫の堅胸殻,4,重甲虫の円月尾,4,重甲エキス,1,上質な腹袋,4
セルタスＳレジスト,0,2,5,1,5,99,27,63,-3,4,0,-2,4,装填速度,3,砲術,3,気力回復,-3,,,,,重甲虫の堅胸殻,4,重甲虫の円月尾,4,重甲エキス,1,上質な腹袋,4
ザボアＳメイル,0,1,5,1,5,99,53,110,-4,3,-5,3,0,重撃,2,氷属性攻撃,1,肉食,3,腹減り,-2,,,化け鮫の上ヒレ,2,化け鮫の上鱗,2,化け鮫の皮,3,カワズの殿油,1
ザボアＳレジスト,0,2,5,1,5,99,27,63,-3,4,-4,4,1,重撃,2,氷属性攻撃,1,肉食,3,腹減り,-2,,,化け鮫の上ヒレ,2,化け鮫の上鱗,2,化け鮫の皮,3,カワズの殿油,1
ガララＳメイル,0,1,5,1,5,99,55,110,3,-3,0,-5,3,捕獲,2,聴覚保護,3,気まぐれ,-3,麻痺,1,,,絞蛇竜の上皮,6,絞蛇竜の上鳴甲,5,絞蛇竜の皮,3,強靭な鳥竜皮,3
ガララＳレジスト,0,2,5,1,5,99,28,64,4,-2,1,-4,4,捕獲,2,聴覚保護,3,気まぐれ,-3,麻痺,1,,,絞蛇竜の上皮,6,絞蛇竜の上鳴甲,5,絞蛇竜の皮,3,強靭な鳥竜皮,3
レックスＳメイル,0,1,5,1,5,99,55,110,2,-1,-4,0,-2,攻撃,3,研ぎ師,-2,千里眼,2,食いしん坊,2,,,轟竜の尖爪,4,轟竜の堅殻,6,轟竜の頭殻,1,,
レックスＳレジスト,0,2,5,1,5,99,28,64,3,0,-3,1,-1,反動,-2,攻撃,3,千里眼,2,食いしん坊,2,,,轟竜の尖爪,4,轟竜の堅殻,6,轟竜の頭殻,1,,
レックスＵメイル,0,1,6,1,6,99,59,112,2,-4,-2,0,-1,聴覚保護,3,研ぎ師,-1,観察眼,2,食事,3,,,黒轟竜の尖爪,5,黒轟竜の堅殻,4,黒轟竜の鋭牙,2,獄炎石,3
レックスＵレジスト,0,2,6,1,6,99,29,64,3,-3,-1,1,0,反動,-1,聴覚保護,3,観察眼,2,食事,3,,,黒轟竜の尖爪,5,黒轟竜の堅殻,4,黒轟竜の鋭牙,2,獄炎石,3
エクスゼロメイル,0,1,7,1,8,99,81,118,3,-5,2,-3,1,聴覚保護,3,研ぎ師,-2,食事,3,,,,,大轟竜の爆爪,4,大轟竜の堅殻,6,轟竜のアギト,1,覇竜の宝玉,1
エクスゼロレジスト,0,2,7,1,8,99,41,67,4,-4,3,-2,2,反動,-2,聴覚保護,3,食事,4,,,,,大轟竜の爆爪,4,大轟竜の堅殻,6,轟竜のアギト,1,覇竜の宝玉,1
EXレックスメイル,0,1,7,1,8,99,82,119,3,-1,-5,0,-3,攻撃,3,研ぎ師,-2,千里眼,2,食いしん坊,2,,,探求者の証,1,轟竜の尖爪,5,覇竜の上鱗,6,天空の結晶,8
EXレックスレジスト,0,2,7,1,8,99,41,67,4,0,-4,1,-2,反動,-2,攻撃,3,千里眼,2,食いしん坊,2,,,探求者の証,1,轟竜の尖爪,5,覇竜の上鱗,6,天空の結晶,8
ブランゴメイル,0,1,5,1,5,99,55,110,-4,2,0,2,1,攻撃,2,耐暑,-2,耐寒,2,耐震,1,,,雪獅子の剛毛,3,雪獅子の髭,3,強靭な鳥竜皮,3,ランポスの上皮,3
ブランゴレジスト,0,2,5,1,5,99,28,64,-3,3,1,3,2,攻撃,2,耐暑,-2,耐寒,2,耐震,1,,,雪獅子の剛毛,3,雪獅子の髭,3,強靭な鳥竜皮,3,ランポスの上皮,3
クロオビメイル,0,1,6,1,8,99,55,110,2,2,2,2,2,匠,2,狩人,2,腹減り,-2,,,,,金獅子の黒毛,1,撃龍王のコイン,2,飛竜のコイン,2,牙竜のコイン,3
クロオビレジスト,0,2,6,1,8,99,28,64,3,3,3,3,3,装填数,2,狩人,2,腹減り,-2,,,,,金獅子の黒毛,1,撃龍王のコイン,2,飛竜のコイン,2,牙竜のコイン,3
レウスＳメイル,0,1,5,1,5,99,57,112,3,0,-2,0,-4,攻撃,3,火属性攻撃,2,回復量,-2,,,,,火竜の上鱗,5,火竜の甲殻,4,火竜の翼膜,4,ユニオン鉱石,2
レウスＳレジスト,0,2,5,1,5,99,28,64,4,1,-1,1,-3,攻撃,3,火属性攻撃,2,回復量,-2,,,,,火竜の上鱗,5,火竜の甲殻,4,火竜の翼膜,4,ユニオン鉱石,2
リオソウルメイル,0,1,6,1,6,99,58,111,3,0,0,-2,-4,達人,3,体力,-3,聴覚保護,2,斬れ味,1,,,蒼火竜の堅殻,3,蒼火竜の上鱗,3,爆炎袋,3,堅竜骨,2
リオソウルレジスト,0,2,6,1,6,99,29,64,4,1,1,-1,-3,達人,3,体力,-3,聴覚保護,2,通常弾強化,1,,,蒼火竜の堅殻,3,蒼火竜の上鱗,3,爆炎袋,3,堅竜骨,2
シルバーソルメイル,0,1,7,3,7,99,81,118,2,-7,-4,0,4,痛撃,1,斬れ味,2,回復量,-2,,,,,銀火竜の堅殻,5,銀火竜の上鱗,6,火竜の翼,3,堅竜骨,3
シルバーソルレジスト,0,2,7,3,7,99,41,67,3,-6,-3,1,5,痛撃,1,貫通弾強化,2,回復量,-2,,,,,銀火竜の堅殻,5,銀火竜の上鱗,6,火竜の翼,3,堅竜骨,3
EXレウスメイル,0,1,7,0,8,99,57,112,3,0,-2,0,-4,剛撃,2,匠,1,気力回復,-4,狩人,3,,,希望の証,1,火竜の上鱗,5,火竜の逆鱗,1,フルクライト鉱石,3
EXレウスレジスト,0,2,7,0,8,99,28,64,4,1,-1,1,-3,剛撃,2,装填数,1,気力回復,-4,狩人,3,,,希望の証,1,火竜の上鱗,5,火竜の逆鱗,1,フルクライト鉱石,3
グラビドＳメイル,0,1,5,2,5,99,57,112,3,-4,0,2,-3,防御,1,ガード性能,2,スタミナ,-1,,,,,鎧竜の堅殻,5,鎧竜の翼,2,上竜骨,2,爆炎袋,2
グラビドＳレジスト,0,2,5,2,5,99,29,64,4,-3,1,3,-2,反動,2,防御,1,スタミナ,-1,,,,,鎧竜の堅殻,5,鎧竜の翼,2,上竜骨,2,爆炎袋,2
グラビドＵメイル,0,1,6,3,6,99,58,111,3,-5,1,1,1,防御,1,ガード強化,1,スタミナ,-1,,,,,黒鎧竜の堅殻,5,鎧竜の堅殻,2,堅竜骨,2,鎧竜の延髄,1
グラビドＵレジスト,0,2,6,3,6,99,29,64,4,-4,2,2,2,防御,1,ガード強化,1,スタミナ,-1,,,,,黒鎧竜の堅殻,5,鎧竜の堅殻,2,堅竜骨,2,鎧竜の延髄,1
ベリオメイル,0,1,5,2,5,99,57,112,-5,0,-1,3,0,回避性能,2,氷属性攻撃,1,体術,2,気力回復,-2,,,氷牙竜の上毛皮,4,堅牢な骨,4,凍結袋,5,,
ベリオレジスト,0,2,5,2,5,99,29,64,-4,1,0,4,1,回避性能,1,氷属性攻撃,1,体術,2,気力回復,-2,,,氷牙竜の上毛皮,4,堅牢な骨,4,凍結袋,5,,
ブラキＳメイル,0,1,6,1,6,99,57,112,3,-4,0,-2,0,抜刀会心,1,闘魂,3,回避性能,-2,底力,1,爆弾強化,2,砕竜の堅殻,4,砕竜の堅黒曜甲,3,砕竜の骨髄,2,堅竜骨,2
ブラキＳレジスト,0,2,6,1,6,99,28,64,4,-3,1,-1,1,速射,1,闘魂,3,回避性能,-2,底力,1,爆弾強化,2,砕竜の堅殻,4,砕竜の堅黒曜甲,3,砕竜の骨髄,2,堅竜骨,2
アグナメイル,0,1,6,1,6,99,59,112,3,-5,0,-1,0,ガード性能,2,底力,-2,火属性攻撃,2,燃鱗,3,,,炎戈竜の堅殻,2,炎戈竜の上ヒレ,1,獄炎石,1,,
アグナレジスト,0,2,6,1,6,99,30,64,4,-4,1,0,1,底力,-2,通常弾強化,1,精密射撃,2,火属性攻撃,1,燃鱗,3,炎戈竜の堅殻,2,炎戈竜の上ヒレ,1,獄炎石,1,,
ガルルガＳメイル,0,1,5,2,6,99,60,113,3,-4,3,-4,1,剣術,-1,達人,1,聴覚保護,4,斬れ味,2,,,黒狼鳥の上鱗,4,黒狼鳥の堅殻,4,黒狼鳥の翼,4,ドスゲネポスの尾,2
ガルルガＳレジスト,0,2,5,2,6,99,30,64,4,-3,4,-3,2,達人,1,聴覚保護,4,スタミナ,-1,貫通弾強化,2,,,黒狼鳥の上鱗,4,黒狼鳥の堅殻,4,黒狼鳥の翼,4,ドスゲネポスの尾,2
ラギアメイル,0,1,6,1,6,99,60,113,-5,1,3,-1,-1,属性解放,1,痛撃,2,特殊攻撃,-2,溜め短縮,2,,,海竜の高電殻,2,海竜の蒼玉,1,蒼火竜の堅殻,2,,
ラギアレジスト,0,2,6,1,6,99,30,64,-4,2,4,0,0,属性解放,3,痛撃,1,特殊攻撃,-2,溜め短縮,1,,,海竜の高電殻,2,海竜の蒼玉,1,蒼火竜の堅殻,2,,
キリンＳベスト,0,1,6,1,8,99,60,113,-3,-3,5,-1,3,属性解放,2,属性耐性,1,運気,-2,属性攻撃,1,,,キリンの上皮,4,キリンの皮,3,岩竜の涙,1,ノヴァクリスタル,1
キリンＳケープ,0,2,6,1,8,99,30,64,-2,-2,6,0,4,属性解放,2,属性耐性,2,運気,-2,属性攻撃,2,,,キリンの上皮,4,キリンの皮,3,岩竜の涙,1,ノヴァクリスタル,1
キリンＵベスト,0,1,7,2,8,99,65,114,-3,-3,-1,6,3,属性耐性,2,運気,-2,氷属性攻撃,1,属性攻撃,1,,,キリンの霜尾,3,キリンの上皮,6,古龍の血,3,立派なクチバシ,1
キリンＵケープ,0,2,7,2,8,99,33,65,-2,-2,0,7,4,属性耐性,2,運気,-2,氷属性攻撃,1,属性攻撃,1,,,キリンの霜尾,3,キリンの上皮,6,古龍の血,3,立派なクチバシ,1
ユクモノドウギ・天,0,1,6,2,8,99,60,113,-1,0,2,0,0,匠,1,研ぎ師,1,回復量,2,加護,2,,,蛇王龍の鋼皮,3,凶星の破片,1,蛇王龍の胸殻,3,,
ユクモノドウギ・地,0,2,6,2,8,99,30,64,0,1,3,1,1,装填速度,1,装填数,1,回復量,2,加護,2,,,蛇王龍の鋼皮,3,凶星の破片,1,蛇王龍の胸殻,3,,
セイラースーツ,2,1,6,2,8,99,60,113,0,2,0,-2,0,運気,2,広域,4,気配,-1,,,,,希望の証,1,狩猟王のコイン,2,飛竜のコイン,5,闘技王のコイン,5
セイラーベスト,2,2,6,2,8,99,30,64,1,3,1,-1,1,運気,2,広域,4,気配,-1,,,,,希望の証,1,狩猟王のコイン,2,飛竜のコイン,5,闘技王のコイン,5
バンギスメイル,0,1,6,0,7,99,62,113,0,0,-4,1,-4,攻撃,4,斬れ味,1,食事,4,腹減り,-2,,,恐暴竜の大牙,5,恐暴竜の鉤爪,4,恐暴竜の黒皮,5,雷狼竜の逆鱗,1
バンギスレジスト,0,2,6,0,7,99,31,64,1,1,-3,2,-3,反動,2,攻撃,3,食事,4,腹減り,-2,,,恐暴竜の大牙,5,恐暴竜の鉤爪,4,恐暴竜の黒皮,5,雷狼竜の逆鱗,1
グリードメイル,0,1,7,0,7,99,64,113,-1,-1,-3,-1,-1,攻撃,4,斬れ味,3,食事,2,腹減り,-2,,,歴戦の漆黒皮,5,恐暴竜の鉤爪,4,恐暴竜の大牙,2,古龍の血,1
グリードレジスト,0,2,7,0,7,99,32,64,0,0,-2,0,0,反動,3,攻撃,3,食事,2,腹減り,-2,,,歴戦の漆黒皮,5,恐暴竜の鉤爪,4,恐暴竜の大牙,2,古龍の血,1
残陽・覇【胴当て】,1,1,7,0,7,99,64,113,3,2,-4,3,-4,抜刀会心,1,不動,1,達人,4,底力,-3,,,豪山龍の堅岩殻,6,豪龍岩,4,古龍の血,1,勇気の証Ｇ,1
東雲・覇【胴当て】,1,2,7,1,7,99,32,64,4,3,-3,4,-3,装填速度,-3,速射,1,不動,1,貫通弾強化,1,,,豪山龍の堅岩殻,6,豪龍岩,4,古龍の血,1,勇気の証Ｇ,1
常磐・覇【胸当て】,2,1,7,0,7,99,64,113,3,2,-4,3,-4,抜刀会心,1,不動,1,達人,4,底力,-3,,,豪山龍の堅岩殻,6,豪龍岩,4,古龍の血,1,勇気の証Ｇ,1
八千代・覇【胸当て】,2,2,7,1,7,99,32,64,4,3,-3,4,-3,装填速度,-3,速射,1,不動,1,貫通弾強化,1,,,豪山龍の堅岩殻,6,豪龍岩,4,古龍の血,1,勇気の証Ｇ,1
大和【胴当て】,1,1,7,1,8,99,67,114,3,1,0,-4,-4,防御,2,達人,4,底力,-2,溜め短縮,1,,,希望の証,1,豪山龍の堅岩殻,6,荒々しい龍尖角,4,古龍の血,1
陸奥【胴当て】,1,2,7,1,8,99,34,65,4,2,1,-3,-3,装填速度,-2,反動,1,防御,4,貫通弾強化,2,,,希望の証,1,豪山龍の堅岩殻,6,荒々しい龍尖角,4,古龍の血,1
日向【胸当て】,2,1,7,1,8,99,67,114,3,1,0,-4,-4,防御,2,達人,4,底力,-2,溜め短縮,1,,,希望の証,1,豪山龍の堅岩殻,6,荒々しい龍尖角,4,古龍の血,1
天城【胸当て】,2,2,7,1,8,99,34,65,4,2,1,-3,-3,装填速度,-2,反動,1,防御,4,貫通弾強化,2,,,希望の証,1,豪山龍の堅岩殻,6,荒々しい龍尖角,4,古龍の血,1
アークＳメイル,1,1,7,1,7,99,65,114,-4,4,0,3,-6,頑強,2,本気,2,火耐性,-2,狂撃耐性,2,,,天廻龍の上鱗,3,天廻龍の光玉,1,純白の龍鱗,1,ユニオン鉱石,3
アークＳレジスト,1,2,7,1,7,99,33,65,-3,5,1,4,-5,頑強,2,本気,2,火耐性,-2,狂撃耐性,2,,,天廻龍の上鱗,3,天廻龍の光玉,1,純白の龍鱗,1,ユニオン鉱石,3
フィリアＳメイル,2,1,7,1,7,99,65,114,-4,4,0,3,-6,頑強,2,本気,2,火耐性,-2,狂撃耐性,2,,,天廻龍の上鱗,3,天廻龍の光玉,1,純白の龍鱗,1,ユニオン鉱石,3
フィリアＳレジスト,2,2,7,1,7,99,33,65,-3,5,1,4,-5,頑強,2,本気,2,火耐性,-2,狂撃耐性,2,,,天廻龍の上鱗,3,天廻龍の光玉,1,純白の龍鱗,1,ユニオン鉱石,3
金色ノ羽織,0,1,7,0,7,99,65,114,2,1,3,-6,2,匠,1,本気,3,闘魂,1,スタミナ,-2,,,金獅子の尖角,1,黄金の毛,1,金獅子の黒毛,4,鋼の龍鱗,2
黒子ノ装束,0,2,7,0,7,99,33,65,3,2,4,-5,3,装填速度,1,本気,3,闘魂,1,スタミナ,-2,,,金獅子の尖角,1,黄金の毛,1,金獅子の黒毛,4,鋼の龍鱗,2
怒天ノ羽織,0,1,7,2,7,99,81,118,2,1,4,-7,2,本気,2,闘魂,1,スタミナ,-2,,,,,金獅子の怒髪,3,金獅子の闘魂,1,金獅子の鋭牙,2,金火竜の上鱗,2
心滅ノ装束,0,2,7,2,7,99,41,67,3,2,5,-6,3,本気,2,闘魂,1,スタミナ,-2,,,,,金獅子の怒髪,3,金獅子の闘魂,1,金獅子の鋭牙,2,金火竜の上鱗,2
アカムトウルンテ,0,1,7,1,7,99,65,114,4,0,-3,2,-5,匠,2,達人,3,聴覚保護,1,斬れ味,-2,,,覇竜の大牙,3,覇竜の大棘,2,覇竜の上鱗,4,火竜の紅玉,1
アカムトウルンペ,0,2,7,1,7,99,33,65,5,1,-2,3,-4,装填速度,-2,達人,3,聴覚保護,1,装填数,2,,,覇竜の大牙,3,覇竜の大棘,2,覇竜の上鱗,4,火竜の紅玉,1
ウカムルウルンテ,0,1,7,1,8,99,67,114,-5,0,-3,4,-2,刀匠,2,達人,-4,底力,2,耐泥耐雪,1,,,崩竜の削顎,3,崩竜の堅殻,2,純白の龍鱗,6,,
ウカムルウルンペ,0,2,7,1,8,99,34,65,-4,1,-2,5,-1,射手,2,達人,-4,底力,2,耐泥耐雪,1,,,崩竜の削顎,3,崩竜の堅殻,2,純白の龍鱗,6,,
カイザーメイル,0,1,7,2,7,99,68,115,4,-6,1,-2,-2,細菌学,1,属性解放,1,剣術,2,耐寒,-3,,,炎龍の塵粉,2,炎王龍の堅殻,4,獄炎石,3,古龍の血,3
カイザーレジスト,0,2,7,2,7,99,34,65,5,-5,2,-1,-1,細菌学,1,属性解放,1,装填速度,3,耐寒,-2,,,炎龍の塵粉,2,炎王龍の堅殻,4,獄炎石,3,古龍の血,3
EXカイザーメイル,0,1,7,0,8,99,82,119,5,-7,2,-2,-4,属性解放,1,達人,5,耐寒,-2,,,,,炎王龍チケット,1,炎王龍の堅殻,6,蛇王龍の胸殻,3,古龍骨,3
EXカイザーレジスト,0,2,7,0,8,99,41,67,6,-6,3,-1,-3,属性解放,1,達人,5,耐寒,-2,,,,,炎王龍チケット,1,炎王龍の堅殻,6,蛇王龍の胸殻,3,古龍骨,3
エンプレスメイル,0,1,7,0,7,99,68,115,4,-2,1,-6,-2,匠,1,達人,3,ガード性能,2,火属性攻撃,2,耐寒,-3,炎妃龍のたてがみ,2,獄炎の龍鱗,6,炎王龍の尖角,1,炎龍の宝玉,1
エンプレスレジスト,0,2,7,0,7,99,34,65,5,-1,2,-5,-1,達人,3,ガード強化,2,装填数,1,通常弾強化,2,耐寒,-3,炎妃龍のたてがみ,2,獄炎の龍鱗,6,炎王龍の尖角,1,炎龍の宝玉,1
クシャナディール,0,1,7,1,7,99,68,115,-2,2,-5,5,-6,匠,1,溜め短縮,1,耐暑,4,毒,-2,,,鋼龍の堅殻,4,鋼龍の翼膜,2,カブレライト鉱石,4,古龍の血,2
クシャナバダル,0,2,7,1,7,99,34,65,-1,3,-4,6,-5,溜め短縮,1,装填数,1,耐暑,4,毒,-2,,,鋼龍の堅殻,4,鋼龍の翼膜,2,カブレライト鉱石,4,古龍の血,2
EXクシャナディール,0,1,7,0,8,99,82,119,-3,3,-6,6,-7,溜め短縮,1,火耐性,5,耐暑,4,毒,-2,,,鋼龍チケット,1,鋼龍の尖爪,4,銀火竜の上鱗,6,古龍骨,3
EXクシャナバダル,0,2,7,0,8,99,41,67,-2,4,-5,7,-6,溜め短縮,1,火耐性,5,耐暑,4,毒,-2,,,鋼龍チケット,1,鋼龍の尖爪,4,銀火竜の上鱗,6,古龍骨,3
夜叉【羽衣】,0,1,7,1,8,99,68,115,2,2,0,-2,-2,剣術,2,属性耐性,1,底力,-2,加護,2,,,神龍苔,2,浮岳龍の体液,4,古龍骨,5,希望の証,1
修羅【羽衣】,0,2,7,1,8,99,34,65,3,4,2,-1,-1,属性耐性,1,底力,-2,装填数,2,加護,2,,,神龍苔,2,浮岳龍の体液,4,古龍骨,5,希望の証,1
リベリオンメイル,0,1,7,1,8,99,69,116,3,3,-2,-2,-3,刀匠,3,怒,1,攻撃,-4,,,,,蛇王龍の鋼皮,5,蛇王龍の胸殻,3,蛇王龍の剣鱗,2,天廻龍の光玉,1
ライオットレジスト,0,2,7,1,8,99,35,65,4,4,-1,-1,-2,射手,3,怒,1,攻撃,-4,,,,,蛇王龍の鋼皮,5,蛇王龍の胸殻,3,蛇王龍の剣鱗,2,天廻龍の光玉,1
ミヅハ【胸当て】,0,1,7,1,8,99,69,116,-4,3,0,4,-1,属性解放,2,聴覚保護,1,風圧,4,耐暑,-2,,,霞龍の上皮,2,霞龍の尻尾,1,獄炎石,2,,
トヨタマ【胸当て】,0,2,7,1,8,99,35,65,-3,4,1,5,0,属性解放,2,聴覚保護,1,風圧,4,耐暑,-2,,,霞龍の上皮,2,霞龍の尻尾,1,獄炎石,2,,
忍の裝束・天,0,1,7,2,8,99,81,118,2,-6,4,-3,2,防御,-2,回避性能,2,属性攻撃,2,,,,,希望の証Ｇ,1,勇気の証Ｇ,1,マレコガネ,3,天廻龍の上鱗,5
忍の裝束・地,0,2,7,2,8,99,41,67,3,-5,5,-2,3,防御,-2,回避性能,2,属性攻撃,2,,,,,希望の証Ｇ,1,勇気の証Ｇ,1,マレコガネ,3,天廻龍の上鱗,5
金剛【胴当て】,0,1,7,1,8,99,82,119,-2,3,2,2,-2,運気,2,ガード性能,2,火耐性,-2,耐震,2,,,砦蟹の尖爪,1,鋼龍の堅殻,3,マレコガネ,2,,
不動【胴当て】,0,2,7,1,8,99,41,67,0,5,3,3,-1,反動,2,運気,2,火耐性,-2,耐震,2,,,砦蟹の尖爪,1,鋼龍の堅殻,3,マレコガネ,2,,
ドラゴンハイド,0,1,7,2,8,99,84,119,-3,2,2,-1,-6,痛撃,2,達人,-3,斬れ味,2,,,,,黒龍の角,2,黒龍の甲殻,4,黒龍の鱗,4,火竜の紅玉,1
ドラゴンスキン,0,2,7,2,8,99,42,67,-2,3,3,0,-5,痛撃,2,達人,-3,貫通弾強化,2,,,,,黒龍の角,2,黒龍の甲殻,4,黒龍の鱗,4,火竜の紅玉,1
ヘリオスメイル,1,1,7,1,8,99,84,119,0,3,-2,1,-5,聴覚保護,1,重撃,2,水属性攻撃,3,加護,-2,,,大海龍の甲皮,2,湾曲した龍角,1,濃縮重甲エキス,1,,
ヘリオスレジスト,1,2,7,1,8,99,42,67,1,4,-1,2,-4,聴覚保護,2,重撃,2,水属性攻撃,3,加護,-2,,,大海龍の甲皮,2,湾曲した龍角,1,濃縮重甲エキス,1,,
セレネメイル,2,1,7,1,8,99,84,119,0,3,-2,1,-5,聴覚保護,1,重撃,2,水属性攻撃,3,加護,-2,,,大海龍の甲皮,2,湾曲した龍角,1,濃縮重甲エキス,1,,
セレネレジスト,2,2,7,1,8,99,42,67,1,4,-1,2,-4,聴覚保護,2,重撃,2,水属性攻撃,3,加護,-2,,,大海龍の甲皮,2,湾曲した龍角,1,濃縮重甲エキス,1,,
エスカドラソウル,0,1,7,0,8,99,86,121,-3,-2,3,3,-2,本気,2,属性耐性,2,回避距離,1,属性攻撃,3,気絶,-2,煌黒龍の逆鱗,2,煌黒龍の翼膜,3,覇竜の宝玉,1,,
エスカドラゼーレ,0,2,7,0,8,99,43,68,-2,-1,4,4,-1,本気,3,属性耐性,1,回避距離,1,属性攻撃,2,気絶,-2,煌黒龍の逆鱗,2,煌黒龍の翼膜,3,覇竜の宝玉,1,,
三眼の首飾り,0,0,5,3,4,99,18,61,3,-3,0,0,1,,,,,,,,,,,カブレライト鉱石,3,ノヴァクリスタル,2,,,,
EXキリンＵベスト,0,1,7,2,7,99,1,116,0,0,1,6,3,属性解放,2,属性耐性,1,運気,-2,属性攻撃,2,,,幻獣チケット,1,キリンの上皮,4,岩竜の涙,2,ギルドチケットＧ,1
EXキリンＵケープ,0,2,7,2,7,99,1,66,1,1,2,7,4,属性解放,2,属性耐性,2,運気,-2,属性攻撃,1,,,幻獣チケット,1,キリンの上皮,4,岩竜の涙,2,ギルドチケットＧ,1
キャプテンＪスーツ,0,1,7,0,4,99,26,99,-3,-3,-3,-3,-3,剥ぎ取り,3,運気,2,捕獲,2,加護,-3,,,海賊Ｊチケット,1,獄狼竜の堅殻,5,獄狼竜の龍殻,2,蝕龍蟲,3
キャプテンＪベスト,0,2,7,0,4,99,13,57,-2,-2,-2,-2,-2,剥ぎ取り,3,運気,1,捕獲,2,加護,-3,,,海賊Ｊチケット,1,獄狼竜の堅殻,5,獄狼竜の龍殻,2,蝕龍蟲,3
狩猟迷彩ジャージ,0,1,7,0,4,99,26,110,2,2,2,2,2,剥ぎ取り,10,,,,,,,,,モンハン部認定証,3,桃毛獣の剛毛,3,白兎獣の大耳,2,狂竜結晶,2
狩猟迷彩ジャケット,0,2,7,0,4,99,13,64,3,3,3,3,3,剥ぎ取り,10,,,,,,,,,モンハン部認定証,3,桃毛獣の剛毛,3,白兎獣の大耳,2,狂竜結晶,2
EXインゴットメイル,0,1,7,2,4,99,41,102,-2,-2,2,0,0,砲術,2,ガード強化,2,納刀,1,気まぐれ,-2,,,蛇と蛙チケット,1,フルクライト鉱石,20,竜玉,4,ギルドチケットＳ,1
EXインゴットレジスト,0,2,7,2,4,99,21,62,-1,-1,3,1,1,反動,1,砲術,2,散弾強化,2,気まぐれ,-2,,,蛇と蛙チケット,1,フルクライト鉱石,20,竜玉,4,ギルドチケットＳ,1
伝説Ｊスーツ,0,1,7,0,4,99,44,99,-4,-4,-4,-4,-4,強欲,3,剥ぎ取り,2,加護,-4,,,,,伝説Ｊの海賊帽,1,炎龍の尖爪,4,炎王龍の堅殻,4,炎龍の宝玉,1
伝説Ｊベスト,0,2,7,0,4,99,22,57,-3,-3,-3,-3,-3,強欲,3,剥ぎ取り,2,加護,-4,,,,,伝説Ｊの海賊帽,1,炎龍の尖爪,4,炎王龍の堅殻,4,炎龍の宝玉,1
坊屋ジャケット,0,1,7,0,4,99,44,110,1,1,1,1,1,攻撃,5,気力回復,3,気配,-3,,,,,鈴蘭最強の証,2,ギルドチケットＳ,1,イーオスの上鱗,6,ドスイーオスの頭,3
坊屋ジャンパー,0,2,7,0,4,99,22,64,2,2,2,2,2,攻撃,5,気力回復,3,気配,-3,,,,,鈴蘭最強の証,2,ギルドチケットＳ,1,イーオスの上鱗,6,ドスイーオスの頭,3
ユニクロジャンパー,0,1,7,1,4,99,44,112,-3,1,0,4,0,聴覚保護,2,回避距離,3,食事,-2,耐寒,2,,,ユニクロチケット,2,轟竜のアギト,3,狂竜結晶,2,狂竜結晶の欠片,2
ユニクロパーカー,0,2,7,1,4,99,22,65,-2,2,1,5,1,聴覚保護,2,回避距離,3,食事,-2,耐寒,2,,,ユニクロチケット,2,轟竜のアギト,3,狂竜結晶,2,狂竜結晶の欠片,2
スタールークメイル,0,1,7,3,4,99,52,114,0,0,0,0,0,闘魂,1,不動,1,乗り,3,,,,,スタジオＧパス,1,金火竜の上鱗,3,蒼火竜の堅殻,4,火竜の煌液,2
スタールークレジスト,0,2,7,3,4,99,26,65,1,1,1,1,1,闘魂,1,不動,1,乗り,2,,,,,スタジオＧパス,1,金火竜の上鱗,3,蒼火竜の堅殻,4,火竜の煌液,2
ゾディアスメイル,0,1,7,1,4,99,52,116,1,1,1,1,1,潔癖,3,剣術,2,乗り,-3,,,,,冥天の星くず,1,鋼龍の尖爪,2,鋼龍の翼膜,2,ギルドチケットＧ,1
ゾディアスレジスト,0,2,7,1,4,99,26,65,2,2,2,2,2,潔癖,3,装填数,2,乗り,-3,,,,,冥天の星くず,1,鋼龍の尖爪,2,鋼龍の翼膜,2,ギルドチケットＧ,1
勇者の服,0,1,7,1,5,99,52,116,2,2,2,2,2,属性解放,2,運気,1,体力,4,腹減り,-3,,,トライフォース,1,雌火竜の翼膜,3,雌火竜の堅殻,4,キリンの雷尾,2
勇者の衣,0,2,7,1,5,99,26,65,3,3,3,3,3,属性解放,2,運気,1,体力,4,腹減り,-3,,,トライフォース,1,雌火竜の翼膜,3,雌火竜の堅殻,4,キリンの雷尾,2
地上最強の胴着,0,1,7,0,4,99,52,99,6,6,6,6,6,闘魂,4,底力,2,気配,-5,,,,,地上最強の証明,1,恐暴竜の黒皮,3,恐暴竜の黒鱗,2,恐暴竜の宝玉,1
地上最強の胴衣,0,2,7,0,4,99,26,57,7,7,7,7,7,闘魂,4,底力,2,気配,-5,,,,,地上最強の証明,1,恐暴竜の黒皮,3,恐暴竜の黒鱗,2,恐暴竜の宝玉,1
EXアーティアメイル,0,1,7,1,8,99,52,109,0,-3,-3,2,3,抜刀会心,2,ガード強化,1,研ぎ師,-3,気力回復,3,,,金獅子チケット,1,太古の破片,6,金獅子の闘魂,1,ギルドチケットＧ,1
EXアーティアレジスト,0,2,7,1,8,99,26,63,1,-2,-2,3,4,装填速度,-3,反動,1,装填数,2,精密射撃,3,,,金獅子チケット,1,太古の破片,6,金獅子の闘魂,1,ギルドチケットＧ,1
EXゴアメイル,0,1,7,1,8,99,58,111,-5,3,-3,2,-2,細菌学,2,頑強,2,闘魂,2,火耐性,-3,,,黒蝕竜チケット,1,黒蝕竜の堅殻,5,天廻龍の光玉,2,ギルドチケットＧ,1
EXゴアレジスト,0,2,7,1,8,99,29,64,-4,4,-2,3,-1,細菌学,2,頑強,2,闘魂,2,火耐性,-3,,,黒蝕竜チケット,1,黒蝕竜の堅殻,5,天廻龍の光玉,2,ギルドチケットＧ,1
EXリベリオンメイル,0,1,7,1,8,99,81,118,3,3,-2,-2,-3,怒,1,剛撃,2,攻撃,-4,狂撃耐性,1,,,蛇王龍チケット,1,蛇王龍の胸殻,4,天廻龍の光玉,3,ギルドチケットＧ,2
EXライオットレジスト,0,2,7,1,8,99,41,67,4,4,-1,-1,-2,怒,1,剛撃,2,攻撃,-4,狂撃耐性,1,,,蛇王龍チケット,1,蛇王龍の胸殻,4,天廻龍の光玉,3,ギルドチケットＧ,2
ミラバルハイド,0,1,7,0,8,99,86,121,2,-1,1,-3,-7,怒,1,防御,-3,斬れ味,2,スタミナ,3,,,黒龍の紅角,2,黒龍の紅殻,5,黒龍の紅鱗,4,獄狼竜の昏玉,1
ミラバルスキン,0,2,7,0,8,99,43,63,3,0,2,-2,-6,怒,1,防御,-3,スタミナ,3,通常弾強化,2,,,黒龍の紅角,2,黒龍の紅殻,5,黒龍の紅鱗,4,獄狼竜の昏玉,1
