#名前,"性別(0=両,1=男,2=女)","タイプ(0=両方,1=剣士,2=ガンナー)",レア度,スロット数,入手時期／集☆（99=集入手不可）,入手時期／村☆（99=村入手不可）,初期防御力,最終防御力,火耐性,水耐性,雷耐性,氷耐性,龍耐性,スキル系統1,スキル値1,スキル系統2,スキル値2,スキル系統3,スキル値3,スキル系統4,スキル値4,スキル系統5,スキル値5,生産素材1,個数,生産素材2,個数,生産素材3,個数,生産素材4,個数
ブレイブヘッド,0,0,1,1,1,1,1,55,2,0,0,0,1,体力,-1,回復速度,3,乗り,2,,,,,竜骨【小】,1,,,,,,
レザーヘッド,0,0,1,1,1,1,1,55,-1,0,0,0,1,採取,2,気まぐれ,3,,,,,,,暖かい毛皮,1,鉄鉱石,1,,,,
チェーンヘッド,0,0,1,1,1,1,4,57,2,1,-2,1,0,体力,1,腹減り,1,,,,,,,大地の結晶,1,鉄鉱石,1,,,,
ハンターヘルム,0,0,1,1,1,1,6,98,0,1,-3,0,0,調合成功率,2,狩人,2,毒,-2,,,,,マカライト鉱石,1,鉄鉱石,1,のりこねバッタ,2,,
ハンターキャップ,0,0,1,1,1,1,3,56,1,2,-2,1,1,調合成功率,3,狩人,2,毒,-2,,,,,マカライト鉱石,1,鉄鉱石,1,のりこねバッタ,2,,
ボーンヘルム,0,0,1,0,1,2,7,99,1,0,-1,-2,0,KO,1,笛,1,,,,,,,なぞの骨,2,なぞの頭骨,1,甲虫の大顎,1,,
ボーンキャップ,0,0,1,0,1,2,4,57,2,1,0,-1,1,KO,1,笛,1,,,,,,,なぞの骨,2,なぞの頭骨,1,甲虫の大顎,1,,
アロイヘルム,0,0,1,1,1,1,8,100,-1,1,-2,-1,0,防御,2,採取,-2,風圧,2,,,,,マカライト鉱石,3,大地の結晶,2,鉄鉱石,3,,
アロイキャップ,0,0,1,1,1,1,4,57,0,2,-1,0,1,採取,-1,散弾強化,2,散弾追加,2,,,,,マカライト鉱石,3,大地の結晶,2,鉄鉱石,3,,
リノプロヘルム,0,0,2,1,1,3,8,100,1,-1,-1,-1,1,KO,1,気絶,-2,耐泥耐雪,1,,,,,草食竜の頭殻,1,草食竜の甲殻,2,鉄鉱石,2,,
リノプロキャップ,0,0,2,1,1,3,4,57,2,0,0,0,2,KO,2,気絶,-2,耐泥耐雪,2,,,,,草食竜の頭殻,1,草食竜の甲殻,2,鉄鉱石,2,,
ブナハハット,0,0,2,0,1,2,10,102,-4,-1,2,-1,2,攻撃,-2,特殊攻撃,2,納刀,1,麻痺,2,,,飛甲虫の甲殻,2,飛甲虫の羽,3,雷光虫,1,のりこねバッタ,2
ブナハキャップ,0,0,2,0,1,2,5,57,-3,0,3,0,3,攻撃,-2,特殊攻撃,3,納刀,2,麻痺,2,,,飛甲虫の甲殻,2,飛甲虫の羽,3,雷光虫,1,のりこねバッタ,2
ジャギィヘルム,0,0,2,2,1,2,10,102,-2,0,0,0,1,研ぎ師,1,効果持続,-1,気絶,1,,,,,狗竜の皮,3,狗竜の爪,1,ジャギィの鱗,2,鉄鉱石,3
ジャギィキャップ,0,0,2,1,1,2,5,57,-1,1,1,1,2,装填速度,2,効果持続,-1,気絶,2,,,,,狗竜の皮,3,狗竜の爪,1,ジャギィの鱗,2,鉄鉱石,3
ズワロフード,0,0,2,2,2,3,10,102,-2,2,0,-1,1,体力,2,回復速度,5,睡眠,-1,,,,,垂皮竜の皮,2,マカライト鉱石,4,暖かい毛皮,3,,
ズワロフッド,0,0,2,3,2,3,5,57,-1,3,1,0,2,体力,2,回復速度,4,睡眠,-1,,,,,垂皮竜の皮,2,マカライト鉱石,4,暖かい毛皮,3,,
ゲネポスヘルム,0,0,2,1,2,3,12,102,1,1,-2,-3,2,特殊攻撃,2,麻痺,1,,,,,,,ドスゲネポスの皮,2,ゲネポスの鱗,3,鉄鉱石,4,竜骨【小】,2
ゲネポスキャップ,0,0,2,2,2,3,6,57,2,2,-1,-2,3,特殊攻撃,1,麻痺,1,,,,,,,ドスゲネポスの皮,2,ゲネポスの鱗,3,鉄鉱石,4,竜骨【小】,2
ランポスヘルム,0,0,2,1,1,2,13,103,0,0,0,-4,2,攻撃,2,千里眼,2,麻痺,-1,気絶,1,,,ドスランポスの皮,3,ドスランポスの爪,1,ランポスの鱗,2,のりこねバッタ,2
ランポスキャップ,0,0,2,2,1,2,7,58,1,1,1,-3,3,攻撃,1,千里眼,2,麻痺,-1,気絶,1,,,ドスランポスの皮,3,ドスランポスの爪,1,ランポスの鱗,2,のりこねバッタ,2
アシラヘルム,0,0,2,1,99,3,13,103,-2,1,0,-1,1,食いしん坊,4,腹減り,-2,ハチミツ,2,,,,,青熊獣の甲殻,2,青熊獣の毛,2,のりこねバッタ,2,,
アシラキャップ,0,0,2,2,99,3,7,58,-1,2,1,0,2,食いしん坊,3,腹減り,-2,ハチミツ,3,,,,,青熊獣の甲殻,2,青熊獣の毛,2,のりこねバッタ,2,,
ハイメタヘルム,0,0,2,1,2,4,14,102,-2,-2,3,-1,0,砲術,1,体力,2,スタミナ,-2,,,,,ドラグライト鉱石,2,マカライト鉱石,3,ライトクリスタル,1,大地の結晶,2
ハイメタキャップ,0,0,2,1,2,4,7,58,-1,-1,4,0,1,砲術,1,体力,2,スタミナ,-2,,,,,ドラグライト鉱石,2,マカライト鉱石,3,ライトクリスタル,1,大地の結晶,2
バトルヘルム,0,0,2,2,3,5,14,102,2,-2,-2,-1,0,攻撃,2,研ぎ師,1,,,,,,,縞模様の皮,2,鉄鉱石,5,盾虫の甲殻,4,大地の結晶,2
バトルキャップ,0,0,2,2,3,5,7,58,3,-1,-1,0,1,装填速度,1,攻撃,2,,,,,,,縞模様の皮,2,鉄鉱石,5,盾虫の甲殻,4,大地の結晶,2
ケチャヘルム,0,0,2,0,1,3,14,102,-3,2,-2,0,2,運気,-2,水属性攻撃,3,気まぐれ,2,,,,,奇猿狐の毛,3,奇猿狐の尻尾,1,大きな骨,2,のりこねバッタ,2
ケチャキャップ,0,0,2,0,1,3,7,58,-2,3,-1,1,3,運気,-1,水属性攻撃,3,気まぐれ,2,,,,,奇猿狐の毛,3,奇猿狐の尻尾,1,大きな骨,2,のりこねバッタ,2
ゲリョスヘルム,0,0,2,1,1,3,14,102,-4,1,2,-2,0,スタミナ,1,腹減り,-2,毒,2,,,,,ゴム質の皮,2,大地の結晶,2,ゲネポスの皮,2,鉄鉱石,5
ゲリョスキャップ,0,0,2,1,1,3,7,58,-3,2,3,-1,1,スタミナ,1,腹減り,-2,毒,2,,,,,ゴム質の皮,2,大地の結晶,2,ゲネポスの皮,2,鉄鉱石,5
コンガヘルム,0,0,2,1,2,4,14,102,-3,1,1,-1,2,細菌学,2,食いしん坊,4,腹減り,-2,,,,,極彩色の毛,1,桃毛獣の毛,2,とがった爪,3,のりこねバッタ,2
コンガキャップ,0,0,2,1,2,4,7,58,-2,2,2,0,3,細菌学,2,食いしん坊,4,腹減り,-2,,,,,極彩色の毛,1,桃毛獣の毛,2,とがった爪,3,のりこねバッタ,2
ルドロスヘルム,0,0,2,0,99,3,15,103,-3,2,-1,-1,1,スタミナ,2,水属性攻撃,2,雷耐性,-2,耐暑,2,,,水獣の爪,2,マカライト鉱石,2,ランポスの皮,2,のりこねバッタ,2
ルドロスキャップ,0,0,2,0,99,3,7,58,-2,3,0,0,2,スタミナ,3,水属性攻撃,3,雷耐性,-2,耐暑,2,,,水獣の爪,2,マカライト鉱石,2,ランポスの皮,2,のりこねバッタ,2
ウルクヘルム,0,0,2,3,2,4,15,103,-2,2,-1,2,2,回避距離,2,耐暑,-1,耐寒,2,,,,,白兎獣の耳,2,大きな骨,2,狗竜の皮,4,氷結晶,2
ウルクキャップ,0,0,2,3,2,4,8,58,-1,3,0,3,3,回避距離,2,耐暑,-1,耐寒,2,,,,,白兎獣の耳,2,大きな骨,2,狗竜の皮,4,氷結晶,2
イーオスヘルム,0,0,2,2,3,5,15,103,0,-3,-3,2,2,特殊攻撃,2,毒,2,気絶,-2,,,,,ドスイーオスの皮,3,イーオスの皮,2,イーオスの鱗,4,鉄鉱石,2
イーオスキャップ,0,0,2,2,3,5,8,58,1,-2,-2,3,3,特殊攻撃,2,毒,3,気絶,-2,,,,,ドスイーオスの皮,3,イーオスの皮,2,イーオスの鱗,4,鉄鉱石,2
ガブラスヘッド,0,0,2,1,3,99,15,103,1,-2,2,1,-3,属性解放,1,属性耐性,-2,毒,4,,,,,翼蛇竜の頭,1,火竜の翼膜,3,モンスターの体液,2,蟲のコイン,1
ガブラスフェイス,0,0,2,1,3,99,8,58,2,-1,3,2,-2,属性解放,1,属性耐性,-2,毒,4,,,,,翼蛇竜の頭,1,火竜の翼膜,3,モンスターの体液,2,蟲のコイン,1
カブラヘルム,0,0,2,1,1,3,16,104,2,-3,-2,0,1,防御,2,採取,-2,体力,3,,,,,鬼蛙の大牙,2,厳めしい頭骨,1,鬼蛙の甲殻,2,マカライト鉱石,2
カブラキャップ,0,0,2,2,1,3,8,58,3,-2,-1,1,2,防御,2,採取,-2,体力,2,,,,,鬼蛙の大牙,2,厳めしい頭骨,1,鬼蛙の甲殻,2,マカライト鉱石,2
クックヘルム,0,0,2,1,1,2,16,104,2,-1,-2,-3,2,攻撃,2,火属性攻撃,4,水耐性,-2,,,,,怪鳥の耳,2,怪鳥の甲殻,2,怪鳥の翼膜,1,ランポスの皮,2
クックキャップ,0,0,2,2,1,2,8,58,3,0,-1,-2,3,攻撃,2,火属性攻撃,4,水耐性,-3,,,,,怪鳥の耳,2,怪鳥の甲殻,2,怪鳥の翼膜,1,ランポスの皮,2
キングロブスタヘルム,0,0,4,1,99,4,16,104,-2,5,-5,2,-2,回避性能,3,回避距離,1,火耐性,-3,,,,,エビの尾扇,1,エビの小殻,2,化け鮫のヒレ,2,のりこねバッタ,3
Ｋ・ロブスタキャップ,0,0,4,2,99,4,8,58,-1,6,-4,3,-1,回避性能,3,回避距離,1,火耐性,-3,,,,,エビの尾扇,1,エビの小殻,2,化け鮫のヒレ,2,のりこねバッタ,3
ボロスヘルム,0,0,2,1,99,4,18,106,0,0,1,-2,0,攻撃,3,ガード性能,3,腹減り,-2,,,,,土砂竜の甲殻,1,土砂竜の頭殻,1,草食竜の頭殻,2,,
ボロスキャップ,0,0,2,1,99,4,8,58,1,1,2,-1,1,攻撃,3,防御,1,精密射撃,1,腹減り,-2,,,土砂竜の甲殻,1,土砂竜の頭殻,1,草食竜の頭殻,2,,
インゴットヘルム,0,0,3,1,3,5,18,106,-2,-2,2,0,0,ガード強化,2,納刀,3,雷属性攻撃,1,気まぐれ,-2,,,紅蓮石,2,ドラグライト鉱石,2,大地の結晶,5,ライトクリスタル,1
インゴットキャップ,0,0,3,1,3,5,8,58,-1,-1,3,1,1,反動,3,散弾強化,2,雷属性攻撃,1,気まぐれ,-2,,,紅蓮石,2,ドラグライト鉱石,2,大地の結晶,5,ライトクリスタル,1
バサルヘルム,0,0,2,2,2,3,18,106,0,-2,1,1,-3,耐暑,1,睡眠,2,,,,,,,岩竜の甲殻,3,マカライト鉱石,5,怪鳥の鱗,2,キレアジ,10
バサルキャップ,0,0,2,2,2,3,9,59,1,-1,2,2,-2,耐暑,1,睡眠,2,,,,,,,岩竜の甲殻,3,マカライト鉱石,5,怪鳥の鱗,2,キレアジ,10
ガーディアンヘルム,1,0,4,2,2,99,18,106,0,0,0,0,0,採取,-2,運気,2,砲術,1,加護,4,,,ドラグライト鉱石,2,闘技王のコイン,3,鳥竜のコイン,3,,
ガーディアンマスク,1,0,4,2,2,99,9,59,1,1,1,1,1,採取,-2,運気,2,広域,3,加護,2,,,ドラグライト鉱石,2,闘技王のコイン,3,鳥竜のコイン,3,,
ヘルパーフード,2,0,4,2,2,99,18,106,0,0,0,0,0,採取,-2,運気,2,砲術,1,加護,4,,,ドラグライト鉱石,2,闘技王のコイン,3,鳥竜のコイン,3,,
ヘルパーキャップ,2,0,4,2,2,99,9,59,1,1,1,1,1,採取,-2,運気,2,広域,3,加護,2,,,ドラグライト鉱石,2,闘技王のコイン,3,鳥竜のコイン,3,,
ロワーガテスタ,1,0,4,1,3,5,18,106,-4,0,3,-1,1,剣術,1,聴覚保護,3,龍属性攻撃,1,加護,-3,ハチミツ,2,オオクワアゲハ,1,レビテライト鉱石,2,雷光虫,5,不死虫,10
ロワーガカプト,1,0,4,1,3,5,9,59,-3,1,4,0,2,速射,1,聴覚保護,3,龍属性攻撃,1,加護,-3,ハチミツ,2,オオクワアゲハ,1,レビテライト鉱石,2,雷光虫,5,不死虫,10
ファルメルテスタ,2,0,4,1,3,5,18,106,-4,0,3,-1,1,剣術,1,聴覚保護,3,龍属性攻撃,1,加護,-3,ハチミツ,2,オオクワアゲハ,1,レビテライト鉱石,2,雷光虫,5,不死虫,10
ファルメルカプト,2,0,4,1,3,5,9,59,-3,1,4,0,2,速射,1,聴覚保護,3,龍属性攻撃,1,加護,-3,ハチミツ,2,オオクワアゲハ,1,レビテライト鉱石,2,雷光虫,5,不死虫,10
マギュルフロール,0,0,4,0,4,99,19,107,-4,1,0,2,0,属性解放,2,溜め短縮,1,調合成功率,5,調合数,2,回復速度,2,ペピポパンプキン,5,キラビートル,3,ノヴァクリスタル,5,怪力の種,3
マギュルブルーメ,0,0,4,0,4,99,9,59,-3,2,1,3,1,属性解放,2,溜め短縮,1,調合成功率,5,調合数,2,回復速度,2,ペピポパンプキン,5,キラビートル,3,ノヴァクリスタル,5,怪力の種,3
スキュラヘルム,0,0,2,1,2,4,19,107,-2,2,-2,1,2,観察眼,3,腹減り,-2,高速設置,2,睡眠,2,,,影蜘蛛の鋏角,2,影蜘蛛の甲殻,1,影蜘蛛の棘,1,盾虫の甲殻,2
スキュラキャップ,0,0,2,1,2,4,9,59,-1,3,-1,2,3,観察眼,4,腹減り,-2,高速設置,1,睡眠,2,,,影蜘蛛の鋏角,2,影蜘蛛の甲殻,1,影蜘蛛の棘,1,盾虫の甲殻,2
フルフルヘルム,0,0,2,1,2,4,19,107,-4,1,1,2,1,雷属性攻撃,2,回復量,2,,,,,,,アルビノの中落ち,1,ブヨブヨした皮,2,大地の結晶,4,モンスターの体液,2
フルフルキャップ,0,0,2,2,2,4,10,60,-3,2,2,3,2,雷属性攻撃,2,回復量,2,,,,,,,アルビノの中落ち,1,ブヨブヨした皮,2,大地の結晶,4,モンスターの体液,2
レイアヘルム,0,0,2,1,2,4,19,107,2,0,-2,0,-3,体力,3,火属性攻撃,2,回復速度,-2,,,,,雌火竜の棘,1,雌火竜の鱗,4,雌火竜の甲殻,3,大地の結晶,5
レイアキャップ,0,0,2,1,2,4,10,60,3,1,-1,1,-2,体力,3,火属性攻撃,2,回復速度,-2,,,,,雌火竜の棘,1,雌火竜の鱗,4,雌火竜の甲殻,3,大地の結晶,5
ザボアヘルム,0,0,2,1,2,4,20,108,-2,2,-3,2,0,体力,1,氷属性攻撃,2,肉食,4,腹減り,-2,,,化け鮫の鋸歯,2,化け鮫の刃尾,1,化け鮫の皮,3,カワズの油,1
ザボアキャップ,0,0,2,2,2,4,10,60,-1,3,-2,3,1,体力,1,氷属性攻撃,2,肉食,3,腹減り,-2,,,化け鮫の鋸歯,2,化け鮫の刃尾,1,化け鮫の皮,3,カワズの油,1
ガララヘルム,0,0,2,2,2,4,20,108,1,-2,0,-4,1,捕獲,1,聴覚保護,3,気まぐれ,-2,麻痺,2,,,絞蛇竜の鳴甲,3,絞蛇竜の甲殻,4,寒気立つクチバシ,1,ゲネポスの鱗,4
ガララキャップ,0,0,2,2,2,4,10,60,2,-1,1,-3,2,捕獲,1,聴覚保護,4,気まぐれ,-3,麻痺,1,,,絞蛇竜の鳴甲,3,絞蛇竜の甲殻,4,寒気立つクチバシ,1,ゲネポスの鱗,4
ガノスヘルム,0,0,4,1,99,4,20,108,-4,3,-5,2,2,捕獲,2,スタミナ,2,耐暑,3,高速設置,3,,,水竜の鱗,1,水竜のヒレ,2,ドラグライト鉱石,2,,
ガノスキャップ,0,0,4,1,99,4,10,60,-3,4,-4,3,3,捕獲,3,スタミナ,3,耐暑,3,高速設置,3,,,水竜の鱗,1,水竜のヒレ,2,ドラグライト鉱石,2,,
ギルドバードロポス,1,0,4,1,3,99,20,108,0,0,0,0,0,運気,1,広域,3,気配,-3,,,,,レビテライト鉱石,1,蟲のコイン,2,鳥竜のコイン,3,闘技王のコイン,3
ギルドバードハット,1,0,4,1,3,99,10,60,1,1,1,1,1,運気,1,広域,3,気配,-3,,,,,レビテライト鉱石,1,蟲のコイン,2,鳥竜のコイン,3,闘技王のコイン,3
スカラーフード,2,0,4,1,3,99,20,108,0,0,0,0,0,運気,1,広域,3,気配,-3,,,,,レビテライト鉱石,1,蟲のコイン,2,鳥竜のコイン,3,闘技王のコイン,3
スカラーベレー,2,0,4,1,3,99,10,60,1,1,1,1,1,運気,1,広域,3,気配,-3,,,,,レビテライト鉱石,1,蟲のコイン,2,鳥竜のコイン,3,闘技王のコイン,3
ジンオウヘルム,0,0,3,2,3,5,21,109,0,-2,2,-4,1,本気,1,雷属性攻撃,1,気配,-2,,,,,雷狼竜の角,1,雷狼竜の帯電毛,2,雷狼竜の甲殻,2,徹甲虫の甲殻,3
ジンオウキャップ,0,0,3,2,3,5,10,60,1,-1,3,-3,2,本気,1,雷属性攻撃,2,気配,-2,,,,,雷狼竜の角,1,雷狼竜の帯電毛,2,雷狼竜の甲殻,2,徹甲虫の甲殻,3
セルタスヘルム,0,0,3,1,3,5,21,109,-3,2,-1,-2,2,砲術,3,斬れ味,3,気力回復,-2,,,,,重甲虫の甲殻,4,重甲虫の大顎,2,重甲虫の円月尾,1,徹甲虫の角,1
セルタスキャップ,0,0,3,2,3,5,10,60,-2,3,0,-1,3,砲術,3,装填数,2,気力回復,-2,,,,,重甲虫の甲殻,4,重甲虫の大顎,2,重甲虫の円月尾,1,徹甲虫の角,1
ハプルヘルム,0,0,2,1,99,5,21,109,2,0,-2,-4,1,納刀,1,食事,2,,,,,,,鮮やかな体液,1,潜口竜の皮,2,竜骨【中】,2,,
ハプルキャップ,0,0,2,1,99,5,10,60,3,1,-1,-3,2,納刀,2,食事,3,,,,,,,鮮やかな体液,1,潜口竜の皮,2,竜骨【中】,2,,
ギザミヘルム,0,0,2,1,99,5,21,109,1,2,-1,-1,0,匠,1,達人,-1,斬れ味,2,研ぎ師,1,,,鎌蟹の鋏,1,鎌蟹の甲殻,2,とがった爪,2,,
ギザミキャップ,0,0,2,2,99,5,10,60,2,3,0,0,1,防御,-1,貫通弾強化,2,貫通弾追加,1,精密射撃,1,,,鎌蟹の鋏,1,鎌蟹の甲殻,2,とがった爪,2,,
ゴアヘルム,0,0,3,1,3,5,21,109,-4,2,-3,1,-2,細菌学,2,闘魂,4,火耐性,-3,,,,,黒蝕竜の触角,2,黒蝕竜の鱗,3,穢れた竜鱗,3,徹甲虫の羽,3
ゴアキャップ,0,0,3,2,3,5,11,61,-3,3,-2,2,-1,細菌学,2,闘魂,3,火耐性,-3,,,,,黒蝕竜の触角,2,黒蝕竜の鱗,3,穢れた竜鱗,3,徹甲虫の羽,3
レックスヘルム,0,0,3,1,3,5,22,110,2,-1,-4,0,-2,攻撃,3,研ぎ師,-2,食いしん坊,4,,,,,轟竜の頭殻,1,轟竜の牙,4,轟竜の鱗,3,鮫肌の鱗,2
レックスキャップ,0,0,3,1,3,5,11,61,3,0,-3,1,-1,反動,-2,攻撃,4,食いしん坊,4,,,,,轟竜の頭殻,1,轟竜の牙,4,轟竜の鱗,3,鮫肌の鱗,2
ブラキヘルム,0,0,3,1,3,6,22,110,2,-4,0,-2,0,闘魂,2,回避性能,-2,爆弾強化,2,,,,,砕竜の黒曜甲,3,砕竜の頭殻,1,なぞの粘菌,3,紅蓮石,2
ブラキキャップ,0,0,3,1,3,6,11,61,3,-3,1,-1,1,闘魂,3,回避性能,-2,爆弾強化,2,,,,,砕竜の黒曜甲,3,砕竜の頭殻,1,なぞの粘菌,3,紅蓮石,2
ナルガヘルム,0,0,3,1,99,5,22,110,-2,1,-4,1,1,匠,1,回避性能,1,スタミナ,-2,回避距離,3,,,迅竜の黒毛,5,狗竜の皮,5,縞模様の皮,5,,
ナルガキャップ,0,0,3,1,99,5,11,61,-1,2,-3,2,2,回避性能,2,スタミナ,-2,回避距離,3,装填数,1,,,迅竜の黒毛,5,狗竜の皮,5,縞模様の皮,5,,
グラビドヘルム,0,0,3,1,3,5,23,111,2,-3,0,1,-2,防御,2,ガード性能,3,スタミナ,-1,,,,,鎧竜の甲殻,4,鎧竜の頭殻,2,竜骨【大】,3,イーオスの皮,4
グラビドキャップ,0,0,3,1,3,5,12,62,3,-2,1,2,-1,反動,3,防御,2,スタミナ,-1,,,,,鎧竜の甲殻,4,鎧竜の頭殻,2,竜骨【大】,3,イーオスの皮,4
レウスヘルム,0,0,3,0,3,5,23,111,2,0,-2,0,-3,攻撃,3,火属性攻撃,1,回復量,-2,,,,,火竜の鱗,3,火竜の甲殻,3,火竜の翼爪,1,ドラグライト鉱石,3
レウスキャップ,0,0,3,0,3,5,12,62,3,1,-1,1,-2,攻撃,4,火属性攻撃,2,回復量,-2,,,,,火竜の鱗,3,火竜の甲殻,3,火竜の翼爪,1,ドラグライト鉱石,3
ラヴァヘルム,0,0,3,2,99,6,23,111,2,-3,0,0,1,ガード性能,1,回復速度,2,気配,-2,,,,,溶岩竜のヒレ,1,溶岩竜の鱗,3,縞模様の皮,2,,
ラヴァキャップ,0,0,3,2,99,6,12,62,3,-2,1,1,2,反動,2,回復速度,2,気配,-2,,,,,溶岩竜のヒレ,1,溶岩竜の鱗,3,縞模様の皮,2,,
ディアブロヘルム,0,0,3,2,99,6,23,111,2,0,0,-4,0,匠,2,抜刀会心,3,研ぎ師,-2,納刀,2,耐震,1,角竜の甲殻,4,上竜骨,2,垂皮竜の皮,2,,
ディアブロキャップ,0,0,3,2,99,6,12,62,3,1,1,-3,1,装填速度,3,納刀,2,装填数,2,貫通弾強化,1,精密射撃,-2,角竜の甲殻,4,上竜骨,2,垂皮竜の皮,2,,
ガルルガヘルム,0,0,3,2,3,5,24,112,1,-3,1,-2,0,達人,3,聴覚保護,2,,,,,,,黒狼鳥の耳,2,尖ったクチバシ,2,黒狼鳥の甲殻,3,黒狼鳥のたてがみ,2
ガルルガキャップ,0,0,3,2,3,5,12,62,2,-2,2,-1,1,達人,3,聴覚保護,2,,,,,,,黒狼鳥の耳,2,尖ったクチバシ,2,黒狼鳥の甲殻,3,黒狼鳥のたてがみ,2
ガンキンヘルム,0,0,3,1,99,5,24,112,2,-4,1,-1,-2,防御,3,スタミナ,-1,減気攻撃,1,,,,,爆鎚竜の骨髄,1,爆鎚竜の耐熱殻,3,ドラグライト鉱石,3,,
ガンキンキャップ,0,0,3,1,99,5,12,62,3,-3,2,0,-1,防御,4,スタミナ,-1,通常弾強化,1,,,,,爆鎚竜の骨髄,1,爆鎚竜の耐熱殻,3,ドラグライト鉱石,3,,
ドボルヘルム,0,0,3,2,99,6,24,112,-4,2,1,-2,1,攻撃,3,達人,-1,回復速度,1,,,,,尾槌竜の角,2,上竜骨,2,草食竜の甲殻,3,,
ドボルキャップ,0,0,3,1,99,6,12,62,-3,3,2,-1,2,攻撃,4,達人,-1,回復速度,3,,,,,尾槌竜の角,2,上竜骨,2,草食竜の甲殻,3,,
アークヘルム,1,0,3,1,7,6,24,112,-3,3,0,1,-5,本気,4,火耐性,-3,狂撃耐性,2,,,,,天廻龍の角,2,天廻龍の鱗,3,純白の龍鱗,2,ライトクリスタル,2
アークキャップ,1,0,3,2,7,6,12,62,-2,4,1,2,-4,本気,3,火耐性,-3,狂撃耐性,2,,,,,天廻龍の角,2,天廻龍の鱗,3,純白の龍鱗,2,ライトクリスタル,2
フィリアヘルム,2,0,3,1,7,6,24,112,-3,3,0,1,-5,本気,4,火耐性,-3,狂撃耐性,2,,,,,天廻龍の角,2,天廻龍の鱗,3,純白の龍鱗,2,ライトクリスタル,2
フィリアキャップ,2,0,3,2,7,6,12,62,-2,4,1,2,-4,本気,3,火耐性,-3,狂撃耐性,2,,,,,天廻龍の角,2,天廻龍の鱗,3,純白の龍鱗,2,ライトクリスタル,2
残陽【兜】,1,0,3,2,4,6,26,112,2,1,-3,2,-3,抜刀減気,2,達人,1,底力,-3,スタミナ,3,,,荒々しい龍角,4,豪山龍の紅鱗,5,豪山龍の甲岩殻,3,雌火竜の逆鱗,1
東雲【陣笠】,1,0,3,2,4,6,13,62,3,2,-2,3,-2,装填速度,-3,スタミナ,2,無傷,2,貫通弾強化,2,,,荒々しい龍角,4,豪山龍の紅鱗,5,豪山龍の甲岩殻,3,雌火竜の逆鱗,1
常磐【兜】,2,0,3,2,4,6,26,112,2,1,-3,2,-3,抜刀減気,2,達人,1,底力,-3,スタミナ,3,,,荒々しい龍角,4,豪山龍の紅鱗,5,豪山龍の甲岩殻,3,雌火竜の逆鱗,1
八千代【冠】,2,0,3,2,4,6,13,62,3,2,-2,3,-2,装填速度,-3,スタミナ,2,無傷,2,貫通弾強化,2,,,荒々しい龍角,4,豪山龍の紅鱗,5,豪山龍の甲岩殻,3,雌火竜の逆鱗,1
キリンホーン,0,0,3,2,3,6,26,112,-2,-2,4,0,2,属性耐性,2,運気,-2,属性攻撃,1,,,,,キリンの皮,5,キリンの雷角,3,キリンのたてがみ,2,黒狼鳥のたてがみ,2
キリンコルノ,0,0,3,2,3,6,13,62,-1,-1,5,1,3,属性耐性,2,運気,-2,属性攻撃,1,,,,,キリンの皮,5,キリンの雷角,3,キリンのたてがみ,2,黒狼鳥のたてがみ,2
暁丸【兜】,1,0,3,1,99,6,26,112,-2,2,0,2,-4,剣術,2,スタミナ,-1,重撃,2,加護,2,,,老山龍の角,1,老山龍の甲殻,4,砕竜の頭殻,1,,
曙丸【烏帽子】,1,0,3,2,99,6,13,62,-1,3,1,3,-3,スタミナ,-1,重撃,2,装填数,1,加護,2,,,老山龍の角,1,老山龍の甲殻,4,砕竜の頭殻,1,,
凛【鉢金】,2,0,3,1,99,6,26,112,-2,2,0,2,-4,剣術,2,スタミナ,-1,重撃,2,加護,2,,,老山龍の角,1,老山龍の甲殻,4,砕竜の頭殻,1,,
艶【鉢金】,2,0,3,2,99,6,13,62,-1,3,1,3,-3,スタミナ,-1,重撃,2,装填数,1,加護,2,,,老山龍の角,1,老山龍の甲殻,4,砕竜の頭殻,1,,
ガーグァフェイク,0,0,3,0,1,2,5,57,-4,-2,-1,2,1,調合成功率,10,,,,,,,,,丸鳥の羽,3,鉄鉱石,10,,,,
ジャギィフェイク,0,0,3,0,1,2,6,57,0,0,0,0,0,肉食,10,,,,,,,,,狗竜の頭,1,狗竜の皮,3,王者のエリマキ,1,,
友情の羽飾り,0,0,3,2,3,6,11,61,0,0,0,0,0,指揮,7,,,,,,,,,オトモチケット,3,勇気の証,3,肉球のスタンプ,3,,
竜王の隻眼,0,0,3,2,3,6,11,61,2,2,2,2,2,狂撃耐性,6,,,,,,,,,勇気の証,5,黒蝕竜の暗翼,2,黒蝕竜の鱗,5,レビテライト鉱石,5
ケロロフェイク,0,0,7,0,1,99,10,63,0,7,-5,2,-2,爆弾強化,10,根性,4,,,,,,,ケロンスター,3,厳めしい頭骨,2,化け鮫の鋸歯,2,カワズの油,3
ブルースターロポス,0,0,7,1,1,99,26,110,1,1,1,1,1,闘魂,2,水属性攻撃,3,采配,2,,,,,スタジオパス,1,火竜の鱗,3,火竜の甲殻,3,火竜の逆鱗,1
ブルースターハット,0,0,7,1,1,99,13,64,2,2,2,2,2,闘魂,3,水属性攻撃,3,采配,3,,,,,スタジオパス,1,火竜の鱗,3,火竜の甲殻,3,火竜の逆鱗,1
シャドウアイ,0,0,7,3,4,99,13,64,2,2,2,2,2,気絶,7,,,,,,,,,モンハン部認定証,3,ノヴァクリスタル,2,,,,
ブレイブＳヘルム,0,0,4,2,4,99,18,100,3,0,0,0,2,体力,-2,回復速度,3,乗り,2,,,,,天空の結晶,3,上質な毛皮,1,ランポスの上鱗,2,カブレライト鉱石,2
ブレイブＳキャップ,0,0,4,2,4,99,9,59,4,1,1,1,3,体力,-2,回復速度,3,乗り,3,,,,,天空の結晶,3,上質な毛皮,1,ランポスの上鱗,2,カブレライト鉱石,2
レザーＳヘルム,0,0,4,0,4,99,22,100,-2,0,0,0,2,採取,3,運気,-2,体力,2,高速収集,3,,,上質な毛皮,1,暖かい毛皮,3,カブレライト鉱石,1,,
レザーＳキャップ,0,0,4,0,4,99,11,59,-1,1,1,1,3,採取,2,運気,-2,体力,3,高速収集,3,,,上質な毛皮,1,暖かい毛皮,3,カブレライト鉱石,1,,
チェーンＳヘルム,0,0,4,1,4,99,23,101,2,2,-3,1,0,体力,1,調合成功率,4,腹減り,1,睡眠,-2,,,カブレライト鉱石,1,マカライト鉱石,2,鉄鉱石,5,,
チェーンＳキャップ,0,0,4,1,4,99,11,59,3,3,-2,2,1,体力,1,調合成功率,4,腹減り,1,睡眠,-2,,,カブレライト鉱石,1,マカライト鉱石,2,鉄鉱石,5,,
ハンターＳヘルム,0,0,4,1,4,99,26,102,0,2,-4,0,0,千里眼,2,調合成功率,4,狩人,2,毒,-2,,,カブレライト鉱石,2,ドスヘラクレス,2,マカライト鉱石,5,鉄鉱石,5
ハンターＳキャップ,0,0,4,2,4,99,13,59,1,3,-3,1,1,千里眼,2,調合成功率,2,狩人,2,毒,-2,,,カブレライト鉱石,2,ドスヘラクレス,2,マカライト鉱石,5,鉄鉱石,5
ボーンＳヘルム,0,0,4,0,4,99,27,103,2,0,-1,-3,0,KO,1,観察眼,2,笛,1,睡眠,-2,,,上質な鳥竜骨,2,竜骨【小】,3,なぞの頭骨,3,,
ボーンＳキャップ,0,0,4,0,4,99,13,59,3,1,0,-2,1,KO,1,観察眼,2,笛,1,睡眠,-2,,,上質な鳥竜骨,2,竜骨【小】,3,なぞの頭骨,3,,
アロイＳヘルム,0,0,4,0,4,99,28,102,-1,2,-3,-2,0,防御,2,採取,-2,達人,3,風圧,2,,,カブレライト鉱石,1,レビテライト鉱石,1,ドラグライト鉱石,5,氷結晶,3
アロイＳキャップ,0,0,4,0,4,99,14,59,0,3,-2,-1,1,装填速度,2,採取,-1,散弾強化,2,散弾追加,2,,,カブレライト鉱石,1,レビテライト鉱石,1,ドラグライト鉱石,5,氷結晶,3
リノプロＳヘルム,0,0,4,1,4,99,31,103,2,-1,-1,-1,1,砲術,2,KO,2,気絶,-3,耐泥耐雪,1,,,草食竜の堅殻,3,草食竜の頭殻,1,氷結晶,3,,
リノプロＳキャップ,0,0,4,1,4,99,15,60,3,0,0,0,2,砲術,2,KO,2,気絶,-3,耐泥耐雪,2,,,草食竜の堅殻,3,草食竜の頭殻,1,氷結晶,3,,
ブナハＳハット,0,0,4,1,4,99,33,102,-5,-1,2,-1,3,攻撃,-2,特殊攻撃,2,納刀,1,麻痺,2,,,飛甲虫の堅殻,2,飛甲虫の甲殻,3,甲虫の腹袋,2,ドスヘラクレス,2
ブナハＳキャップ,0,0,4,1,4,99,16,60,-4,0,3,0,4,攻撃,-2,特殊攻撃,3,納刀,2,麻痺,2,,,飛甲虫の堅殻,2,飛甲虫の甲殻,3,甲虫の腹袋,2,ドスヘラクレス,2
ズワロＳフード,0,0,4,2,4,99,36,103,-4,3,0,-2,2,防御,-1,体力,2,回復速度,7,,,,,垂皮竜の上皮,4,垂皮竜の皮,3,上質な毛皮,2,,
ズワロＳフッド,0,0,4,2,4,99,18,61,-3,4,1,-1,3,防御,-1,体力,2,回復速度,7,,,,,垂皮竜の上皮,4,垂皮竜の皮,3,上質な毛皮,2,,
ジャギィＳヘルム,0,0,4,2,4,99,36,103,-4,0,0,0,2,攻撃,3,研ぎ師,1,効果持続,-2,気絶,1,,,狗竜の上皮,4,狗竜の爪,2,狗竜の皮,2,ドラグライト鉱石,2
ジャギィＳキャップ,0,0,4,1,4,99,18,61,-3,1,1,1,3,装填速度,2,攻撃,3,効果持続,-2,気絶,2,,,狗竜の上皮,4,狗竜の爪,2,狗竜の皮,2,ドラグライト鉱石,2
ゲネポスＳヘルム,0,0,4,1,4,99,36,103,1,1,-3,-5,3,特殊攻撃,2,麻痺,1,,,,,,,ゲネポスの上鱗,3,ゲネポスの上皮,4,カブレライト鉱石,2,ドスゲネポスの頭,1
ゲネポスＳキャップ,0,0,4,2,4,99,18,61,2,2,-2,-4,4,特殊攻撃,1,麻痺,1,,,,,,,ゲネポスの上鱗,3,ゲネポスの上皮,4,カブレライト鉱石,2,ドスゲネポスの頭,1
ランゴヘルム,0,0,4,1,4,99,36,103,-5,-5,2,-4,2,特殊攻撃,2,毒,-2,麻痺,2,,,,,ランゴスタの薄羽,3,のりこねバッタ,10,甲虫の大顎,2,,
ランゴキャップ,0,0,4,1,4,99,18,61,-4,-4,3,-3,3,特殊攻撃,2,毒,-2,麻痺,2,,,,,ランゴスタの薄羽,3,のりこねバッタ,10,甲虫の大顎,2,,
ペッコヘルム,0,0,4,1,4,99,36,103,2,-1,0,-3,0,氷耐性,-3,広域,3,笛,2,,,,,徹甲虫の尖角,2,へんなクチバシ,2,大きな骨,2,,
ペッコキャップ,0,0,4,2,4,99,18,61,3,0,1,-2,1,氷耐性,-3,広域,2,笛,2,,,,,徹甲虫の尖角,2,へんなクチバシ,2,大きな骨,2,,
コンガＳヘルム,0,0,4,2,4,99,38,103,-4,1,1,-1,3,細菌学,2,食いしん坊,4,腹減り,-1,,,,,桃毛獣の剛毛,2,極彩色の毛,1,桃毛獣の尖爪,2,ドスヘラクレス,2
コンガＳキャップ,0,0,4,2,4,99,19,61,-3,2,2,0,4,細菌学,2,食いしん坊,4,腹減り,-1,,,,,桃毛獣の剛毛,2,極彩色の毛,1,桃毛獣の尖爪,2,ドスヘラクレス,2
コンガＵヘルム,0,0,5,1,4,99,40,103,1,0,0,-4,3,底力,2,爆弾強化,2,腹減り,-1,,,,,緑毛獣の剛毛,2,極彩色の毛,1,緑毛獣の尖爪,2,キラビートル,2
コンガＵキャップ,0,0,5,1,4,99,20,61,2,1,1,-3,4,底力,2,爆弾強化,2,腹減り,-1,,,,,緑毛獣の剛毛,2,極彩色の毛,1,緑毛獣の尖爪,2,キラビートル,2
ランポスＳヘルム,0,0,4,1,4,99,38,103,0,0,0,-5,3,攻撃,2,千里眼,4,麻痺,-2,気絶,2,,,ランポスの上皮,3,ランポスの尖爪,2,ドスランポスの頭,1,ドラグライト鉱石,2
ランポスＳキャップ,0,0,4,1,4,99,19,61,1,1,1,-4,4,攻撃,1,千里眼,4,麻痺,-2,気絶,2,,,ランポスの上皮,3,ランポスの尖爪,2,ドスランポスの頭,1,ドラグライト鉱石,2
ガレオスヘルム,0,0,4,1,4,99,40,103,-3,2,-4,2,0,千里眼,5,耐暑,3,腹減り,1,気絶,-1,,,砂竜の上鱗,3,砂竜の上ヒレ,1,マカライト鉱石,5,鉄鉱石,10
ガレオスキャップ,0,0,4,2,4,99,20,61,-2,3,-3,3,1,千里眼,4,耐暑,3,腹減り,1,気絶,-1,,,砂竜の上鱗,3,砂竜の上ヒレ,1,マカライト鉱石,5,鉄鉱石,10
ザザミヘルム,0,0,4,1,4,99,40,103,-3,3,-4,0,1,防御,3,ガード性能,3,雷耐性,-2,,,,,盾蟹の堅殻,2,盾蟹の尖爪,2,カブレライト鉱石,3,大水袋,1
ザザミキャップ,0,0,4,1,4,99,20,61,-2,4,-3,1,2,防御,3,精密射撃,3,雷耐性,-2,,,,,盾蟹の堅殻,2,盾蟹の尖爪,2,カブレライト鉱石,3,大水袋,1
ガブラスＳヘッド,0,0,4,2,5,99,40,103,2,-3,3,2,-4,属性解放,1,属性耐性,-2,減気攻撃,4,,,,,翼蛇竜の上皮,1,翼蛇竜の頭,3,火竜の翼,1,ガマのコイン,1
ガブラスＳフェイス,0,0,4,2,5,99,20,61,3,-2,4,3,-3,属性解放,1,属性耐性,-2,減気攻撃,4,,,,,翼蛇竜の上皮,1,翼蛇竜の頭,3,火竜の翼,1,ガマのコイン,1
イーオスヘッド,0,0,5,2,5,99,41,102,2,1,1,1,1,運気,3,毒,3,気絶,-2,,,,,イーオスの上鱗,1,ドスイーオスの頭,1,強靭な鳥竜皮,2,鳥竜玉,1
イーオスフェイス,0,0,5,2,5,99,21,62,3,2,2,2,2,採取,-3,運気,3,火耐性,2,,,,,イーオスの上鱗,1,ドスイーオスの頭,1,強靭な鳥竜皮,2,鳥竜玉,1
ケチャＳヘルム,0,0,4,0,4,99,43,104,-5,3,-3,0,3,運気,-2,水属性攻撃,3,体術,2,気まぐれ,2,,,奇猿狐の剛毛,3,奇猿狐の堅長骨,3,堅牢な骨,1,上質な毛皮,2
ケチャＳキャップ,0,0,4,0,4,99,21,62,-4,4,-2,1,4,運気,-1,水属性攻撃,3,体術,2,気まぐれ,2,,,奇猿狐の剛毛,3,奇猿狐の堅長骨,3,堅牢な骨,1,上質な毛皮,2
クックＳヘルム,0,0,4,1,4,99,43,104,3,0,-2,-4,2,攻撃,2,火耐性,2,水耐性,-2,肉食,3,,,怪鳥の地獄耳,1,怪鳥の堅殻,2,怪鳥の翼膜,1,コンガの剛毛,4
クックＳキャップ,0,0,4,1,4,99,21,62,4,1,-1,-3,3,攻撃,2,火耐性,2,水耐性,-2,肉食,3,,,怪鳥の地獄耳,1,怪鳥の堅殻,2,怪鳥の翼膜,1,コンガの剛毛,4
クックＵヘルム,0,0,5,2,4,99,47,106,3,-4,-3,0,2,達人,2,火属性攻撃,3,水耐性,-2,,,,,青怪鳥の堅殻,2,怪鳥の地獄耳,1,怪鳥の翼膜,1,コンガの剛毛,4
クックＵキャップ,0,0,5,2,4,99,23,62,4,-3,-2,1,3,達人,3,火属性攻撃,4,水耐性,-2,,,,,青怪鳥の堅殻,2,怪鳥の地獄耳,1,怪鳥の翼膜,1,コンガの剛毛,4
オウビートテスタ,1,0,5,1,5,99,43,104,3,-5,3,-4,2,採取,2,回避性能,2,特殊攻撃,2,耐寒,-2,,,オオツノアゲハ,1,マレコガネ,2,雷光虫,3,爆炎袋,2
オウビートカプト,1,0,5,1,5,99,21,62,4,-4,5,-3,2,採取,2,回避性能,2,特殊攻撃,2,耐寒,-2,,,オオツノアゲハ,1,マレコガネ,2,雷光虫,3,爆炎袋,2
パピメルテスタ,2,0,5,1,5,99,43,104,3,-5,3,-4,2,採取,2,回避性能,2,特殊攻撃,2,耐寒,-2,,,オオツノアゲハ,1,マレコガネ,2,雷光虫,3,爆炎袋,2
パピメルカプト,2,0,5,1,5,99,21,62,4,-4,5,-3,2,採取,2,回避性能,2,特殊攻撃,2,耐寒,-2,,,オオツノアゲハ,1,マレコガネ,2,雷光虫,3,爆炎袋,2
イーオスＳヘルム,0,0,4,2,5,99,44,105,0,-4,-4,3,3,属性解放,1,特殊攻撃,2,毒,1,気絶,-2,,,イーオスの上鱗,3,イーオスの上皮,2,強靭な鳥竜皮,3,猛毒袋,3
イーオスＳキャップ,0,0,4,2,5,99,22,62,1,-3,-3,4,4,属性解放,1,特殊攻撃,2,毒,2,気絶,-2,,,イーオスの上鱗,3,イーオスの上皮,2,強靭な鳥竜皮,3,猛毒袋,3
ドーベルヘルム,0,0,6,0,4,99,47,106,-2,0,0,0,3,龍属性攻撃,3,気力回復,4,腹減り,-2,耐震,2,,,いにしえの龍骨,3,奇猿狐の大耳,2,上質な鳥竜骨,10,上竜骨,8
ドーベルキャップ,0,0,6,0,4,99,24,62,-1,1,1,1,4,装填速度,2,龍属性攻撃,2,気力回復,4,腹減り,-2,,,いにしえの龍骨,3,奇猿狐の大耳,2,上質な鳥竜骨,10,上竜骨,8
ウルクＳヘルム,0,0,4,2,5,99,45,106,-3,2,-1,2,2,回避距離,2,効果持続,1,耐暑,-2,耐寒,2,,,白兎獣の大耳,2,堅牢な骨,2,狗竜の皮,5,ユニオン鉱石,3
ウルクＳキャップ,0,0,4,2,5,99,22,62,-2,3,0,3,3,回避距離,3,効果持続,2,耐暑,-2,耐寒,2,,,白兎獣の大耳,2,堅牢な骨,2,狗竜の皮,5,ユニオン鉱石,3
ホークハット,1,0,6,2,5,99,45,106,2,-1,1,0,2,狩人,1,指揮,3,腹減り,-3,,,,,旅団チケット,2,天廻龍の逆鱗,1,太古の破片,2,天空の結晶,3
ホークキャップ,1,0,6,3,5,99,23,62,3,0,2,1,3,狩人,1,指揮,2,腹減り,-3,,,,,旅団チケット,2,天廻龍の逆鱗,1,太古の破片,2,天空の結晶,3
エコールフード,2,0,6,2,5,99,45,106,2,-1,1,0,2,狩人,1,指揮,3,腹減り,-3,,,,,旅団チケット,2,天廻龍の逆鱗,1,太古の破片,2,天空の結晶,3
エコールキャップ,2,0,6,3,5,99,23,62,3,0,2,1,3,狩人,1,指揮,2,腹減り,-3,,,,,旅団チケット,2,天廻龍の逆鱗,1,太古の破片,2,天空の結晶,3
ゲリョスＳヘルム,0,0,5,1,4,99,47,106,-5,2,3,-2,0,達人,3,スタミナ,2,腹減り,-2,毒,3,,,ゴム質の上皮,4,毒怪鳥の頭,1,大地の結晶,4,ドスゲネポスの尾,2
ゲリョスＳキャップ,0,0,5,2,4,99,23,62,-4,3,4,-1,1,達人,2,スタミナ,2,腹減り,-2,毒,2,,,ゴム質の上皮,4,毒怪鳥の頭,1,大地の結晶,4,ドスゲネポスの尾,2
ゲリョスＵヘルム,0,0,6,2,4,99,48,107,-5,2,3,-2,0,達人,-1,風圧,2,気絶,3,,,,,ゴム質の紫皮,2,毒怪鳥の紫翼,2,大地の結晶,4,毒怪鳥の頭,1
ゲリョスＵキャップ,0,0,6,2,4,99,24,62,-4,3,4,-1,1,達人,-1,風圧,3,気絶,3,,,,,ゴム質の紫皮,2,毒怪鳥の紫翼,2,大地の結晶,4,毒怪鳥の頭,1
ラングロヘルム,0,0,4,1,5,99,47,106,1,-3,0,-1,1,細菌学,1,回避性能,2,耐寒,-2,耐震,2,,,赤甲獣の堅殻,2,爆炎袋,3,モンスターの濃汁,3,,
ラングロキャップ,0,0,4,1,5,99,24,63,2,-2,1,0,2,細菌学,1,回避性能,2,耐寒,-2,耐震,3,,,赤甲獣の堅殻,2,爆炎袋,3,モンスターの濃汁,3,,
カブラＳヘルム,0,0,5,1,4,99,48,107,3,-5,-4,0,2,防御,2,採取,-2,体力,2,研ぎ師,4,,,鬼蛙の巨大牙,2,鬼蛙の堅殻,3,厳めしい頭骨,2,ドスヘラクレス,5
カブラＳキャップ,0,0,5,2,4,99,24,62,4,-4,-3,1,3,装填速度,3,防御,2,採取,-2,体力,2,,,鬼蛙の巨大牙,2,鬼蛙の堅殻,3,厳めしい頭骨,2,ドスヘラクレス,5
スキュラＳヘルム,0,0,5,1,4,99,48,107,-3,3,-3,2,3,達人,2,観察眼,3,腹減り,-3,高速設置,2,毒,2,影蜘蛛の堅鋏角,4,影蜘蛛の堅殻,2,影蜘蛛の上棘,2,飛甲虫の堅殻,4
スキュラＳキャップ,0,0,5,1,4,99,24,62,-2,4,-2,3,4,達人,2,観察眼,4,腹減り,-3,高速設置,1,毒,2,影蜘蛛の堅鋏角,4,影蜘蛛の堅殻,2,影蜘蛛の上棘,2,飛甲虫の堅殻,4
フルフルＳヘルム,0,0,5,1,5,99,50,107,-5,1,1,2,1,雷属性攻撃,2,広域,2,回復速度,2,気絶,-1,,,真珠色の柔皮,2,堅竜骨,1,ドラグライト鉱石,8,モンスターの濃汁,3
フルフルＳキャップ,0,0,5,2,5,99,25,63,-4,2,2,3,2,雷属性攻撃,2,広域,2,回復速度,2,気絶,-1,,,真珠色の柔皮,2,堅竜骨,1,ドラグライト鉱石,8,モンスターの濃汁,3
フルフルＵヘルム,0,0,6,1,5,99,51,108,1,-5,1,2,1,回復量,3,広域,2,回復速度,-2,,,,,魅惑色の柔皮,2,魅惑色の翼膜,2,モンスターの濃汁,5,カブレライト鉱石,4
フルフルＵキャップ,0,0,6,2,5,99,26,63,2,-4,2,3,2,回復量,3,広域,2,回復速度,-2,,,,,魅惑色の柔皮,2,魅惑色の翼膜,2,モンスターの濃汁,5,カブレライト鉱石,4
レイアＳヘルム,0,0,5,3,5,99,50,107,3,0,-2,0,-4,体力,1,火属性攻撃,1,回復量,2,回復速度,-1,,,雌火竜の上棘,2,雌火竜の堅殻,4,火竜の骨髄,2,爆炎袋,3
レイアＳキャップ,0,0,5,3,5,99,25,63,4,1,-1,1,-3,体力,1,火属性攻撃,1,回復量,2,回復速度,-1,,,雌火竜の上棘,2,雌火竜の堅殻,4,火竜の骨髄,2,爆炎袋,3
リオハートヘルム,0,0,6,1,5,99,51,108,3,0,-2,0,-4,底力,3,火属性攻撃,2,風圧,2,気配,-1,,,桜火竜の堅殻,2,桜火竜の上鱗,3,尖竜骨,2,雌火竜の上棘,2
リオハートキャップ,0,0,6,1,5,99,26,63,4,1,-1,1,-3,底力,2,火属性攻撃,3,風圧,2,気配,-1,,,桜火竜の堅殻,2,桜火竜の上鱗,3,尖竜骨,2,雌火竜の上棘,2
ゴールドルナヘルム,0,0,7,3,7,99,81,118,2,-4,-7,0,4,運気,2,重撃,1,雷耐性,-2,加護,1,,,金火竜の上棘,3,金火竜の堅殻,5,火竜の煌液,3,爆炎袋,3
ゴールドルナキャップ,0,0,7,3,7,99,41,67,3,-3,-6,1,5,運気,2,重撃,2,雷耐性,-2,加護,2,,,金火竜の上棘,3,金火竜の堅殻,5,火竜の煌液,3,爆炎袋,3
EXレイアヘルム,0,0,7,2,8,99,50,107,3,0,-2,0,-4,頑強,1,匠,2,底力,2,回復量,2,気力回復,-1,希望の証,1,雌火竜の上棘,5,火竜の延髄,1,爆炎袋,2
EXレイアキャップ,0,0,7,2,8,99,25,63,4,1,-1,1,-3,頑強,1,底力,2,装填数,2,回復量,2,気力回復,-1,希望の証,1,雌火竜の上棘,5,火竜の延髄,1,爆炎袋,2
バサルＳヘルム,0,0,5,1,5,99,50,107,-1,-2,1,1,-3,納刀,2,食事,3,腹減り,-2,耐泥耐雪,2,,,岩竜の涙,1,岩竜の堅殻,3,怪鳥の上鱗,2,岩竜の翼,3
バサルＳキャップ,0,0,5,1,5,99,25,63,0,-1,2,2,-2,納刀,3,食事,4,腹減り,-2,耐泥耐雪,3,,,岩竜の涙,1,岩竜の堅殻,3,怪鳥の上鱗,2,岩竜の翼,3
バサルＵヘルム,0,0,6,1,5,99,53,110,0,-2,0,-3,1,ガード性能,3,耐暑,2,毒,2,麻痺,-2,,,桃岩竜の堅殻,3,岩竜の涙,1,小金魚,5,ユニオン鉱石,3
バサルＵキャップ,0,0,6,1,5,99,27,63,1,-1,1,-2,2,通常弾強化,2,耐暑,2,毒,2,麻痺,-2,,,桃岩竜の堅殻,3,岩竜の涙,1,小金魚,5,ユニオン鉱石,3
アーティアＳヘルム,0,0,5,1,5,99,51,108,0,-3,-3,2,3,匠,2,研ぎ師,-3,気力回復,3,,,,,太古の破片,6,フルクライト鉱石,2,さびた破片,4,ノヴァクリスタル,3
アーティアＳキャップ,0,0,5,1,5,99,26,63,1,-2,-2,3,4,装填速度,-3,装填数,2,精密射撃,3,,,,,太古の破片,6,フルクライト鉱石,2,さびた破片,4,ノヴァクリスタル,3
ジンオウＳヘルム,0,0,5,2,5,99,52,109,0,-2,3,-4,1,本気,2,斬れ味,3,根性,1,雷属性攻撃,2,気配,-2,雷狼竜の尖角,2,雷狼竜の高電毛,4,雷狼竜の甲殻,3,竜玉,1
ジンオウＳキャップ,0,0,5,2,5,99,26,63,1,-1,4,-3,2,装填速度,2,本気,3,根性,1,雷属性攻撃,2,気配,-2,雷狼竜の尖角,2,雷狼竜の高電毛,4,雷狼竜の甲殻,3,竜玉,1
ジンオウＵヘルム,0,0,6,2,6,99,53,110,0,-4,-5,0,4,回避性能,2,溜め短縮,2,無傷,1,龍属性攻撃,1,回復量,-2,獄狼竜の尖角,3,獄狼竜の龍毛,4,獄狼竜の堅殻,3,フルクライト鉱石,3
ジンオウＵキャップ,0,0,6,2,6,99,27,63,1,-3,-4,1,5,回避性能,2,無傷,1,装填数,2,龍属性攻撃,1,回復量,-2,獄狼竜の尖角,3,獄狼竜の龍毛,4,獄狼竜の堅殻,3,フルクライト鉱石,3
ゴアＳヘルム,0,0,6,0,5,99,52,109,-5,3,-3,2,-2,細菌学,3,匠,3,闘魂,4,火耐性,-4,,,黒蝕竜の尖触角,2,黒蝕竜の上鱗,4,黒蝕竜の堅殻,2,マレコガネ,3
ゴアＳキャップ,0,0,6,0,5,99,26,63,-4,4,-2,3,-1,細菌学,3,闘魂,5,装填数,3,火耐性,-3,,,黒蝕竜の尖触角,2,黒蝕竜の上鱗,4,黒蝕竜の堅殻,2,マレコガネ,3
ガブルヘルム,0,0,5,2,5,99,52,109,-2,3,-4,0,1,達人,3,食事,3,回復速度,-2,,,,,灯魚竜の上棘,2,灯魚竜の上皮,4,化け鮫の鋸歯,2,上竜骨,3
ガブルキャップ,0,0,5,2,5,99,26,63,-1,4,-3,1,2,達人,3,食事,4,回復速度,-2,,,,,灯魚竜の上棘,2,灯魚竜の上皮,4,化け鮫の鋸歯,2,上竜骨,3
ギルドナイトフェザー,1,0,6,1,8,99,52,109,0,0,0,0,0,剥ぎ取り,4,広域,3,気配,-3,,,,,希望の証,1,怪鳥の上鱗,4,黒狼鳥の地獄耳,2,,
ギルドナイトマスク,1,0,6,1,8,99,26,63,1,1,1,1,1,剥ぎ取り,5,広域,3,気配,-3,,,,,希望の証,1,怪鳥の上鱗,4,黒狼鳥の地獄耳,2,,
メイドカチューシャ,2,0,6,1,8,99,52,109,0,0,0,0,0,剥ぎ取り,4,広域,3,気配,-3,,,,,希望の証,1,怪鳥の上鱗,4,黒狼鳥の地獄耳,2,,
メイドキャップ,2,0,6,1,8,99,26,63,1,1,1,1,1,剥ぎ取り,5,広域,3,気配,-3,,,,,希望の証,1,怪鳥の上鱗,4,黒狼鳥の地獄耳,2,,
城塞遊撃隊【刃笠】,0,0,6,2,6,99,53,110,0,0,0,0,0,剣術,1,剥ぎ取り,2,根性,4,回復量,1,気配,-2,牙竜のコイン,3,狩猟王のコイン,3,爆炎袋,4,,
城塞弓撃隊【面隠】,0,0,6,2,6,99,27,63,1,1,1,1,1,痛撃,1,剥ぎ取り,3,根性,3,回復量,1,気配,-2,牙竜のコイン,3,狩猟王のコイン,3,爆炎袋,4,,
セルタスＳヘルム,0,0,5,2,5,99,53,110,-4,3,-1,-3,3,砲術,3,斬れ味,3,気力回復,-3,,,,,重甲虫の堅殻,6,重甲虫の大顎,3,重甲虫の円月尾,2,徹甲虫の尖角,1
セルタスＳキャップ,0,0,5,3,5,99,27,63,-3,4,0,-2,4,砲術,3,装填数,2,気力回復,-3,,,,,重甲虫の堅殻,6,重甲虫の大顎,3,重甲虫の円月尾,2,徹甲虫の尖角,1
ザボアＳヘルム,0,0,5,1,5,99,53,110,-4,3,-5,3,0,重撃,1,氷属性攻撃,2,食事,4,腹減り,-3,,,化け鮫の上鱗,2,化け鮫の上皮,4,化け鮫の鋸歯,2,肉厚な上皮,3
ザボアＳキャップ,0,0,5,2,5,99,27,63,-3,4,-4,4,1,重撃,1,氷属性攻撃,2,食事,3,腹減り,-3,,,化け鮫の上鱗,2,化け鮫の上皮,4,化け鮫の鋸歯,2,肉厚な上皮,3
ガララＳヘルム,0,0,5,2,5,99,55,110,3,-3,0,-5,3,捕獲,2,聴覚保護,3,気まぐれ,-3,麻痺,2,,,絞蛇竜の堅殻,5,寒気立つクチバシ,3,竜玉,1,ゲネポスの上鱗,4
ガララＳキャップ,0,0,5,2,5,99,28,64,4,-2,1,-4,4,捕獲,2,聴覚保護,4,気まぐれ,-3,麻痺,1,,,絞蛇竜の堅殻,5,寒気立つクチバシ,3,竜玉,1,ゲネポスの上鱗,4
レックスＳヘルム,0,0,5,1,5,99,55,110,2,-1,-4,0,-2,攻撃,3,研ぎ師,-2,千里眼,3,食いしん坊,2,,,轟竜のアギト,1,轟竜の鋭牙,2,轟竜の鱗,5,肉厚な上皮,4
レックスＳキャップ,0,0,5,1,5,99,28,64,3,0,-3,1,-1,反動,-2,攻撃,3,千里眼,3,食いしん坊,2,,,轟竜のアギト,1,轟竜の鋭牙,2,轟竜の鱗,5,肉厚な上皮,4
レックスＵヘルム,0,0,6,0,6,99,59,112,2,-4,-2,0,-1,聴覚保護,3,研ぎ師,-2,観察眼,3,食事,4,,,黒轟竜の鋭牙,3,轟竜のアギト,1,轟竜の頭殻,2,鎧竜の堅殻,1
レックスＵキャップ,0,0,6,0,6,99,29,64,3,-3,-1,1,0,反動,-2,聴覚保護,3,観察眼,3,食事,4,,,黒轟竜の鋭牙,3,轟竜のアギト,1,轟竜の頭殻,2,鎧竜の堅殻,1
エクスゼロヘルム,0,0,7,1,8,99,81,118,3,-5,2,-3,1,一心,1,聴覚保護,4,研ぎ師,-2,食事,5,,,脈動する爆心,1,大轟竜の鋭牙,2,大轟竜の上鱗,2,炎龍の宝玉,1
エクスゼロキャップ,0,0,7,1,8,99,41,67,4,-4,3,-2,2,一心,2,反動,-2,聴覚保護,4,食事,4,,,脈動する爆心,1,大轟竜の鋭牙,2,大轟竜の上鱗,2,炎龍の宝玉,1
EXレックスヘルム,0,0,7,1,8,99,82,119,3,-1,-5,0,-3,攻撃,4,研ぎ師,-2,千里眼,3,食いしん坊,3,,,探求者の証,2,轟竜のアギト,1,覇竜の大棘,4,覇竜の宝玉,1
EXレックスキャップ,0,0,7,1,8,99,41,67,4,0,-4,1,-2,反動,-2,攻撃,4,千里眼,3,食いしん坊,3,,,探求者の証,2,轟竜のアギト,1,覇竜の大棘,4,覇竜の宝玉,1
ブランゴヘルム,0,0,5,1,5,99,55,110,-4,2,0,2,1,攻撃,2,耐暑,-2,耐寒,2,耐震,2,,,雪獅子の鋭牙,2,雪獅子の剛毛,3,獣骨,4,ドスランポスの皮,3
ブランゴキャップ,0,0,5,1,5,99,28,64,-3,3,1,3,2,攻撃,2,耐暑,-2,耐寒,2,耐震,2,,,雪獅子の鋭牙,2,雪獅子の剛毛,3,獣骨,4,ドスランポスの皮,3
クロオビヘルム,0,0,6,0,8,99,55,110,2,2,2,2,2,胴系統倍化,1,,,,,,,,,金獅子の黒毛,2,撃龍王のコイン,3,飛竜のコイン,3,獣竜のコイン,3
クロオビキャップ,0,0,6,0,8,99,28,64,3,3,3,3,3,胴系統倍化,1,,,,,,,,,金獅子の黒毛,2,撃龍王のコイン,3,飛竜のコイン,3,獣竜のコイン,3
レウスＳヘルム,0,0,5,3,5,99,57,112,3,0,-2,0,-4,攻撃,3,火属性攻撃,2,回復量,-2,,,,,火竜の上鱗,4,火竜の紅玉,1,爆炎袋,3,尖竜骨,3
レウスＳキャップ,0,0,5,3,5,99,28,64,4,1,-1,1,-3,攻撃,4,火属性攻撃,1,回復量,-2,,,,,火竜の上鱗,4,火竜の紅玉,1,爆炎袋,3,尖竜骨,3
リオソウルヘルム,0,0,6,3,6,99,58,111,3,0,0,-2,-4,達人,1,体力,-3,聴覚保護,1,斬れ味,2,,,蒼火竜の堅殻,2,蒼火竜の翼,1,火竜の紅玉,1,マレコガネ,3
リオソウルキャップ,0,0,6,3,6,99,29,64,4,1,1,-1,-3,達人,1,体力,-3,聴覚保護,2,通常弾強化,2,,,蒼火竜の堅殻,2,蒼火竜の翼,1,火竜の紅玉,1,マレコガネ,3
シルバーソルヘルム,0,0,7,1,7,99,81,118,2,-7,-4,0,4,痛撃,2,斬れ味,3,火属性攻撃,4,回復量,-3,,,銀火竜の上鱗,5,古龍の血,1,火竜の煌液,3,ノヴァクリスタル,1
シルバーソルキャップ,0,0,7,1,7,99,41,67,3,-6,-3,1,5,痛撃,3,貫通弾強化,2,火属性攻撃,4,回復量,-3,,,銀火竜の上鱗,5,古龍の血,1,火竜の煌液,3,ノヴァクリスタル,1
EXレウスヘルム,0,0,7,2,8,99,57,112,3,0,-2,0,-4,剛撃,1,匠,2,底力,2,気力回復,-1,狩人,2,希望の証,1,火竜の翼,5,火竜の延髄,1,爆炎袋,2
EXレウスキャップ,0,0,7,2,8,99,28,64,4,1,-1,1,-3,剛撃,1,底力,2,装填数,2,気力回復,-1,狩人,2,希望の証,1,火竜の翼,5,火竜の延髄,1,爆炎袋,2
グラビドＳヘルム,0,0,5,1,5,99,57,112,3,-4,0,2,-3,匠,1,防御,4,ガード性能,3,スタミナ,-2,,,鎧竜の堅殻,5,鎧竜の頭殻,2,竜玉,1,堅竜骨,3
グラビドＳキャップ,0,0,5,1,5,99,29,64,4,-3,1,3,-2,反動,3,防御,4,スタミナ,-2,装填数,1,,,鎧竜の堅殻,5,鎧竜の頭殻,2,竜玉,1,堅竜骨,3
グラビドＵヘルム,0,0,6,2,6,99,58,111,3,-5,1,1,1,防御,1,ガード強化,3,スタミナ,-3,,,,,黒鎧竜の堅殻,5,黒鎧竜の頭殻,1,竜玉,1,マレコガネ,3
グラビドＵキャップ,0,0,6,2,6,99,29,64,4,-4,2,2,2,防御,1,ガード強化,3,スタミナ,-3,,,,,黒鎧竜の堅殻,5,黒鎧竜の頭殻,1,竜玉,1,マレコガネ,3
ベリオヘルム,0,0,5,1,5,99,57,112,-5,0,-1,3,0,回避性能,1,氷属性攻撃,2,体術,3,気力回復,-2,,,琥珀色の鋭牙,2,アルビノの霜降り,1,真珠色の柔皮,5,,
ベリオキャップ,0,0,5,1,5,99,29,64,-4,1,0,4,1,回避性能,2,氷属性攻撃,2,体術,4,気力回復,-2,,,琥珀色の鋭牙,2,アルビノの霜降り,1,真珠色の柔皮,5,,
ブラキＳヘルム,0,0,6,2,6,99,57,112,3,-4,0,-2,0,抜刀会心,1,闘魂,2,回避性能,-2,底力,2,爆弾強化,2,砕竜の堅黒曜甲,3,砕竜の尖頭殻,2,なぞの粘菌,3,獄炎石,4
ブラキＳキャップ,0,0,6,2,6,99,28,64,4,-3,1,-1,1,速射,1,闘魂,2,回避性能,-2,底力,3,爆弾強化,2,砕竜の堅黒曜甲,3,砕竜の尖頭殻,2,なぞの粘菌,3,獄炎石,4
アグナヘルム,0,0,6,0,6,99,59,112,3,-5,0,-1,0,斬れ味,4,ガード性能,2,底力,-2,火属性攻撃,3,燃鱗,2,炎戈竜の堅殻,4,炎戈竜の上ヒレ,1,イーオスの上皮,4,,
アグナキャップ,0,0,6,0,6,99,30,64,4,-4,1,0,1,底力,-2,通常弾強化,3,精密射撃,2,火属性攻撃,4,燃鱗,2,炎戈竜の堅殻,4,炎戈竜の上ヒレ,1,イーオスの上皮,4,,
ガルルガＳヘルム,0,0,5,1,6,99,60,113,3,-4,3,-4,1,達人,3,聴覚保護,2,斬れ味,1,,,,,黒狼鳥の地獄耳,2,イカしたクチバシ,2,黒狼鳥の堅殻,3,黒狼鳥のたてがみ,4
ガルルガＳキャップ,0,0,5,1,6,99,30,64,4,-3,4,-3,2,達人,3,聴覚保護,2,貫通弾強化,1,,,,,黒狼鳥の地獄耳,2,イカしたクチバシ,2,黒狼鳥の堅殻,3,黒狼鳥のたてがみ,4
ラギアヘルム,0,0,6,2,6,99,60,113,-5,1,3,-1,-1,属性解放,3,痛撃,1,特殊攻撃,-2,溜め短縮,1,,,海竜の高電殻,2,蒼火竜の上鱗,3,蒼火竜の尻尾,2,,
ラギアキャップ,0,0,6,2,6,99,30,64,-4,2,4,0,0,属性解放,2,痛撃,2,特殊攻撃,-2,溜め短縮,2,,,海竜の高電殻,2,蒼火竜の上鱗,3,蒼火竜の尻尾,2,,
キリンＳホーン,0,0,6,1,8,99,60,113,-3,-3,5,-1,3,属性解放,2,属性耐性,2,運気,-2,属性攻撃,2,,,キリンの上皮,6,キリンの蒼角,3,キリンの雷尾,5,イカしたクチバシ,3
キリンＳコルノ,0,0,6,1,8,99,30,64,-2,-2,6,0,4,属性解放,2,属性耐性,2,運気,-2,属性攻撃,2,,,キリンの上皮,6,キリンの蒼角,3,キリンの雷尾,5,イカしたクチバシ,3
キリンＵホーン,0,0,7,1,8,99,65,114,-3,-3,-1,6,3,属性耐性,2,運気,-2,氷属性攻撃,3,属性攻撃,2,,,キリンの氷角,2,キリンの霜尾,2,キリンの上皮,3,キリンの蒼角,5
キリンＵコルノ,0,0,7,1,8,99,33,65,-2,-2,0,7,4,属性耐性,2,運気,-2,氷属性攻撃,4,属性攻撃,2,,,キリンの氷角,2,キリンの霜尾,2,キリンの上皮,3,キリンの蒼角,5
ユクモノカサ・天,0,0,6,2,8,99,60,113,-1,0,2,0,0,匠,2,研ぎ師,3,回復量,1,加護,1,,,蛇王龍の鋼皮,3,凶星の破片,1,蛇王龍の睨眼,1,丸鳥の羽,1
ユクモノカサ・地,0,0,6,2,8,99,30,64,0,1,3,1,1,装填速度,3,装填数,2,回復量,1,加護,1,,,蛇王龍の鋼皮,3,凶星の破片,1,蛇王龍の睨眼,1,丸鳥の羽,1
セイラーフード,2,0,6,2,8,99,60,113,0,2,0,-2,0,運気,1,広域,4,気配,-3,,,,,希望の証,1,狩猟王のコイン,2,ガマのコイン,5,ノヴァクリスタル,5
セイラーキャップ,2,0,6,2,8,99,30,64,1,3,1,-1,1,運気,2,広域,5,気配,-2,,,,,希望の証,1,狩猟王のコイン,2,ガマのコイン,5,ノヴァクリスタル,5
バンギスヘルム,0,0,6,0,7,99,62,113,0,0,-4,1,-4,攻撃,3,斬れ味,2,食事,5,腹減り,-2,,,恐暴竜の頭殻,2,恐暴竜の黒皮,4,恐暴竜の唾液,3,カワズの殿油,1
バンギスキャップ,0,0,6,0,7,99,31,64,1,1,-3,2,-3,反動,1,攻撃,4,食事,3,腹減り,-2,,,恐暴竜の頭殻,2,恐暴竜の黒皮,4,恐暴竜の唾液,3,カワズの殿油,1
グリードヘルム,0,0,7,0,7,99,64,113,-1,-1,-3,-1,-1,強欲,1,攻撃,3,食事,3,腹減り,-2,,,歴戦の漆黒皮,4,恐暴竜の黒鱗,2,恐暴竜の頭殻,4,古龍骨,2
グリードキャップ,0,0,7,0,7,99,32,64,0,0,-2,0,0,強欲,2,攻撃,4,食事,2,腹減り,-2,,,歴戦の漆黒皮,4,恐暴竜の黒鱗,2,恐暴竜の頭殻,4,古龍骨,2
残陽・覇【兜】,1,0,7,2,7,99,64,113,3,2,-4,3,-4,抜刀会心,2,不動,2,達人,2,底力,-3,,,豪山龍の上紅鱗,5,荒々しい龍尖角,4,豪山龍の堅岩殻,5,勇気の証Ｇ,1
東雲・覇【陣笠】,1,0,7,2,7,99,32,64,4,3,-3,4,-3,装填速度,-3,速射,2,不動,2,貫通弾強化,2,,,豪山龍の上紅鱗,5,荒々しい龍尖角,4,豪山龍の堅岩殻,5,勇気の証Ｇ,1
常磐・覇【兜】,2,0,7,2,7,99,64,113,3,2,-4,3,-4,抜刀会心,2,不動,2,達人,2,底力,-3,,,豪山龍の上紅鱗,5,荒々しい龍尖角,4,豪山龍の堅岩殻,5,勇気の証Ｇ,1
八千代・覇【冠】,2,0,7,2,7,99,32,64,4,3,-3,4,-3,装填速度,-3,速射,2,不動,2,貫通弾強化,2,,,豪山龍の上紅鱗,5,荒々しい龍尖角,4,豪山龍の堅岩殻,5,勇気の証Ｇ,1
大和【兜】,1,0,7,2,8,99,67,114,3,1,0,-4,-4,防御,4,達人,2,底力,-2,溜め短縮,2,,,希望の証,1,豪山龍の上紅鱗,5,荒々しい龍尖角,4,豪山龍の堅岩殻,5
陸奥【烏帽子】,1,0,7,2,8,99,34,65,4,2,1,-3,-3,装填速度,-2,反動,2,防御,3,貫通弾強化,2,,,希望の証,1,豪山龍の上紅鱗,5,荒々しい龍尖角,4,豪山龍の堅岩殻,5
日向【鉢金】,2,0,7,2,8,99,67,114,3,1,0,-4,-4,防御,4,達人,2,底力,-2,溜め短縮,2,,,希望の証,1,豪山龍の上紅鱗,5,荒々しい龍尖角,4,豪山龍の堅岩殻,5
天城【鉢金】,2,0,7,2,8,99,34,65,4,2,1,-3,-3,装填速度,-2,反動,2,防御,3,貫通弾強化,2,,,希望の証,1,豪山龍の上紅鱗,5,荒々しい龍尖角,4,豪山龍の堅岩殻,5
アークＳヘルム,1,0,7,1,7,99,65,114,-4,4,0,3,-6,剣術,3,本気,4,火耐性,-2,狂撃耐性,2,,,天廻龍の尖角,2,天廻龍の上鱗,4,天廻龍の甲殻,4,フルクライト鉱石,2
アークＳキャップ,1,0,7,2,7,99,33,65,-3,5,1,4,-5,本気,3,精密射撃,2,火耐性,-2,狂撃耐性,2,,,天廻龍の尖角,2,天廻龍の上鱗,4,天廻龍の甲殻,4,フルクライト鉱石,2
フィリアＳヘルム,2,0,7,1,7,99,65,114,-4,4,0,3,-6,剣術,3,本気,4,火耐性,-2,狂撃耐性,2,,,天廻龍の尖角,2,天廻龍の上鱗,4,天廻龍の甲殻,4,フルクライト鉱石,2
フィリアＳキャップ,2,0,7,2,7,99,33,65,-3,5,1,4,-5,本気,3,精密射撃,2,火耐性,-2,狂撃耐性,2,,,天廻龍の尖角,2,天廻龍の上鱗,4,天廻龍の甲殻,4,フルクライト鉱石,2
金色ノ添髪,0,0,7,2,7,99,65,114,2,1,3,-6,2,本気,1,闘魂,2,スタミナ,-1,,,,,金獅子の尖角,2,黄金の毛,1,金獅子の黒毛,3,火竜の逆鱗,1
黒子ノ面隠,0,0,7,2,7,99,33,65,3,2,4,-5,3,本気,1,闘魂,2,スタミナ,-1,,,,,金獅子の尖角,2,黄金の毛,1,金獅子の黒毛,3,火竜の逆鱗,1
怒天ノ添髪,0,0,7,2,7,99,81,118,2,1,4,-7,2,匠,1,本気,2,闘魂,2,スタミナ,-2,,,羅刹の金角,2,金獅子の怒髪,3,金獅子の尖角,1,火竜の紅玉,1
心滅ノ面隠,0,0,7,2,7,99,41,67,3,2,5,-6,3,装填速度,1,本気,2,闘魂,2,スタミナ,-2,,,羅刹の金角,2,金獅子の怒髪,3,金獅子の尖角,1,火竜の紅玉,1
アカムトサクパケ,0,0,7,0,7,99,65,114,4,0,-3,2,-5,匠,1,達人,4,聴覚保護,2,斬れ味,-2,,,覇竜の大棘,3,覇竜の上鱗,4,覇竜の堅殻,6,轟竜のアギト,1
アカムトサクイマキ,0,0,7,1,7,99,33,65,5,1,-2,3,-4,装填速度,-2,達人,3,聴覚保護,2,装填数,1,,,覇竜の大棘,3,覇竜の上鱗,4,覇竜の堅殻,6,轟竜のアギト,1
ウカムルサクパケ,0,0,7,1,8,99,67,114,-5,0,-3,4,-2,刀匠,1,達人,-2,底力,3,耐泥耐雪,3,,,崩竜の堅殻,3,崩竜の削顎,2,轟竜のアギト,1,,
ウカムルサクイマキ,0,0,7,1,8,99,34,65,-4,1,-2,5,-1,射手,1,達人,-2,底力,3,耐泥耐雪,3,,,崩竜の堅殻,3,崩竜の削顎,2,轟竜のアギト,1,,
カイザークラウン,0,0,7,2,7,99,68,115,4,-6,1,-2,-2,細菌学,2,属性解放,3,剣術,3,耐寒,-1,,,炎王龍の尖角,2,獄炎の龍鱗,5,炎龍の宝玉,1,,
カイザーマスク,0,0,7,1,7,99,34,65,5,-5,2,-1,-1,細菌学,2,属性解放,3,装填速度,4,耐寒,-1,,,炎王龍の尖角,2,獄炎の龍鱗,5,炎龍の宝玉,1,,
EXカイザークラウン,0,0,7,0,8,99,82,119,5,-7,2,-2,-4,属性解放,2,達人,3,斬れ味,3,耐寒,-1,,,炎王龍チケット,2,炎王龍のたてがみ,4,蛇王龍の鉤爪,3,炎龍の宝玉,1
EXカイザーマスク,0,0,7,0,8,99,41,67,6,-6,3,-1,-3,属性解放,2,達人,3,通常弾強化,3,耐寒,-1,,,炎王龍チケット,2,炎王龍のたてがみ,4,蛇王龍の鉤爪,3,炎龍の宝玉,1
エンプレスセクター,0,0,7,3,6,99,68,115,4,-2,1,-6,-2,属性解放,1,達人,2,ガード性能,1,耐寒,-1,,,炎妃龍のたてがみ,2,黒轟竜の尖爪,4,黒轟竜の上鱗,3,獄炎石,2
エンプレスマスク,0,0,7,3,6,99,34,65,5,-1,2,-5,-1,属性解放,1,達人,2,ガード強化,1,耐寒,-1,,,炎妃龍のたてがみ,2,黒轟竜の尖爪,4,黒轟竜の上鱗,3,獄炎石,2
クシャナアンク,0,0,7,2,7,99,68,115,-2,2,-5,5,-6,属性解放,2,溜め短縮,3,耐暑,1,毒,-2,,,鋼龍の堅殻,2,鋼龍の尖角,1,鋼龍の宝玉,1,マレコガネ,2
クシャナスーラ,0,0,7,2,7,99,34,65,-1,3,-4,6,-5,属性解放,2,溜め短縮,3,耐暑,1,毒,-2,,,鋼龍の堅殻,2,鋼龍の尖角,1,鋼龍の宝玉,1,マレコガネ,2
EXクシャナアンク,0,0,7,1,8,99,82,119,-3,3,-6,6,-7,剣術,2,溜め短縮,3,耐暑,1,毒,-2,,,鋼龍チケット,2,鋼龍の尖角,3,銀火竜の堅殻,5,鋼龍の宝玉,1
EXクシャナスーラ,0,0,7,1,8,99,41,67,-2,4,-5,7,-6,装填速度,2,溜め短縮,3,耐暑,1,毒,-2,,,鋼龍チケット,2,鋼龍の尖角,3,銀火竜の堅殻,5,鋼龍の宝玉,1
夜叉【御面】,0,0,7,2,8,99,68,115,2,2,0,-2,-2,剣術,2,属性耐性,2,底力,-2,加護,1,,,神龍苔,3,神龍木,2,浮岳龍の体液,5,,
修羅【御面】,0,0,7,2,8,99,34,65,3,4,2,-1,-1,属性耐性,2,底力,-2,装填数,2,加護,1,,,神龍苔,3,神龍木,2,浮岳龍の体液,5,,
リベリオンヘルム,0,0,7,0,8,99,69,116,3,3,-2,-2,-3,怒,2,強欲,2,攻撃,-2,,,,,蛇王龍の尾鱗,4,蛇王龍の睨眼,2,渦巻骨,4,黒蝕竜の尖触角,1
ライオットキャップ,0,0,7,0,8,99,35,65,4,4,-1,-1,-2,怒,2,強欲,2,攻撃,-2,,,,,蛇王龍の尾鱗,4,蛇王龍の睨眼,2,渦巻骨,4,黒蝕竜の尖触角,1
ミヅハ【烏帽子】,0,0,7,1,8,99,69,116,-4,3,0,4,-1,匠,1,聴覚保護,5,風圧,4,耐暑,-2,,,霞龍の上皮,3,霞龍の宝玉,1,古龍の血,2,,
トヨタマ【烏帽子】,0,0,7,1,8,99,35,65,-3,4,1,5,0,聴覚保護,5,装填数,1,風圧,4,耐暑,-2,,,霞龍の上皮,3,霞龍の宝玉,1,古龍の血,2,,
忍の面・天,0,0,7,2,8,99,81,118,2,-6,4,-3,2,防御,-2,回避性能,2,属性攻撃,2,,,,,希望の証Ｇ,1,勇気の証Ｇ,1,フルクライト鉱石,3,覇竜の上鱗,5
忍の面・地,0,0,7,2,8,99,41,67,3,-5,5,-2,3,防御,-2,回避性能,2,属性攻撃,2,,,,,希望の証Ｇ,1,勇気の証Ｇ,1,フルクライト鉱石,3,覇竜の上鱗,5
金剛【兜】,0,0,7,1,8,99,82,119,-2,3,2,2,-2,運気,2,ガード性能,3,火耐性,-2,耐震,2,,,砦蟹の堅甲,1,鋼龍の宝玉,1,マレコガネ,1,,
不動【兜】,0,0,7,1,8,99,41,67,0,5,3,3,-1,反動,3,運気,2,火耐性,-2,耐震,2,,,砦蟹の堅甲,1,鋼龍の宝玉,1,マレコガネ,1,,
ドラゴンヘッド,0,0,7,3,8,99,84,119,-3,2,2,-1,-6,痛撃,2,達人,-3,斬れ味,1,,,,,黒龍の眼,2,黒龍の鱗,4,黒龍の角,4,鎧竜の延髄,1
ドラゴンフェイス,0,0,7,3,8,99,42,67,-2,3,3,0,-5,痛撃,2,達人,-3,貫通弾強化,1,,,,,黒龍の眼,2,黒龍の鱗,4,黒龍の角,4,鎧竜の延髄,1
ヘリオスヘルム,1,0,7,2,8,99,84,119,0,3,-2,1,-5,聴覚保護,4,重撃,1,水属性攻撃,1,加護,-2,,,湾曲した龍角,2,神秘の発光体,1,金火竜の上棘,1,,
ヘリオスキャップ,1,0,7,2,8,99,42,67,1,4,-1,2,-4,聴覚保護,3,重撃,1,水属性攻撃,1,加護,-2,,,湾曲した龍角,2,神秘の発光体,1,金火竜の上棘,1,,
セレネヘルム,2,0,7,2,8,99,84,119,0,3,-2,1,-5,聴覚保護,4,重撃,1,水属性攻撃,1,加護,-2,,,湾曲した龍角,2,神秘の発光体,1,金火竜の上棘,1,,
セレネキャップ,2,0,7,2,8,99,42,67,1,4,-1,2,-4,聴覚保護,3,重撃,1,水属性攻撃,1,加護,-2,,,湾曲した龍角,2,神秘の発光体,1,金火竜の上棘,1,,
エスカドラワイズ,0,0,7,0,8,99,86,121,0,-2,0,0,-2,本気,2,属性耐性,1,回避距離,2,属性攻撃,1,気絶,-1,天をつらぬく角,1,荒々しい龍尖角,3,竜玉,5,,
エスカドラサジェス,0,0,7,0,8,99,43,68,1,-1,1,1,-1,本気,1,属性耐性,2,回避距離,2,属性攻撃,2,気絶,-1,天をつらぬく角,1,荒々しい龍尖角,3,竜玉,5,,
三眼のピアス,0,0,5,3,4,99,18,61,0,0,0,0,1,,,,,,,,,,,カブレライト鉱石,3,ノヴァクリスタル,2,,,,
勝者の羽飾り,0,0,6,3,8,99,25,63,0,0,0,0,0,護石収集,2,,,,,,,,,※闘技大会,1,,,,,,
勇者の羽飾り,0,0,6,3,8,99,25,63,0,0,0,0,0,増幅,2,,,,,,,,,※闘技大会,1,,,,,,
覇者の羽飾り,0,0,7,3,8,99,25,63,0,0,0,0,0,剛撃,2,,,,,,,,,※闘技大会,1,,,,,,
知略の眼鏡,0,0,7,1,8,99,25,63,3,3,3,3,3,千里眼,4,観察眼,6,,,,,,,撃龍王のコイン,5,ノヴァクリスタル,5,,,,
アイルーヘアバンド,0,0,7,2,8,99,25,63,2,2,2,2,2,盗み無効,10,,,,,,,,,撃龍王のコイン,5,肉球のスタンプ,3,,,,
スカルヘッド,0,0,5,0,5,99,58,111,3,-1,-1,-1,2,胴系統倍化,1,,,,,,,,,獄炎石,3,いにしえの龍骨,5,なぞの頭骨,5,なぞの骨,10
スカルフェイス,0,0,5,0,5,99,29,64,4,0,0,0,3,胴系統倍化,1,,,,,,,,,獄炎石,3,いにしえの龍骨,5,なぞの頭骨,5,なぞの骨,10
EXキリンＵホーン,0,0,7,2,7,99,1,116,0,0,1,6,3,属性解放,3,属性耐性,3,運気,-2,属性攻撃,2,,,幻獣チケット,1,キリンの蒼角,2,キリンの雷尾,3,ギルドチケットＧ,2
EXキリンＵコルノ,0,0,7,2,7,99,1,66,1,1,2,7,4,属性解放,2,属性耐性,3,運気,-2,属性攻撃,3,,,幻獣チケット,1,キリンの蒼角,2,キリンの雷尾,3,ギルドチケットＧ,2
キャプテンＪハット,0,0,7,1,4,99,26,99,-3,-3,-3,-3,-3,剥ぎ取り,2,運気,2,捕獲,1,加護,-3,,,海賊Ｊチケット,1,獄狼竜の龍毛,3,獄狼竜の尖角,4,狂竜結晶,3
キャプテンＪロジャー,0,0,7,1,4,99,13,57,-2,-2,-2,-2,-2,剥ぎ取り,3,運気,3,捕獲,1,加護,-3,,,海賊Ｊチケット,1,獄狼竜の龍毛,3,獄狼竜の尖角,4,狂竜結晶,3
EXインゴットヘルム,0,0,7,2,4,99,41,102,-2,-2,2,0,0,刀匠,1,砲術,3,ガード強化,2,納刀,1,気まぐれ,-3,蛇と蛙チケット,1,フルクライト鉱石,12,絞蛇竜の上鳴甲,4,ギルドチケットＳ,2
EXインゴットキャップ,0,0,7,2,4,99,21,62,-1,-1,3,1,1,射手,1,反動,1,砲術,3,散弾強化,2,気まぐれ,-3,蛇と蛙チケット,1,フルクライト鉱石,12,絞蛇竜の上鳴甲,4,ギルドチケットＳ,2
伝説Ｊハット,0,0,7,0,4,99,44,99,-4,-4,-4,-4,-4,胴系統倍化,1,,,,,,,,,伝説Ｊの海賊帽,2,炎王龍のたてがみ,3,炎王龍の尖角,2,炎龍の塵粉,2
伝説Ｊロジャー,0,0,7,0,4,99,22,57,-3,-3,-3,-3,-3,胴系統倍化,1,,,,,,,,,伝説Ｊの海賊帽,2,炎王龍のたてがみ,3,炎王龍の尖角,2,炎龍の塵粉,2
ユニクロフード,0,0,7,2,4,99,44,112,-3,1,0,4,0,聴覚保護,2,回避距離,3,食事,-2,耐寒,2,,,ユニクロチケット,1,轟竜の堅殻,4,狂竜結晶,1,竜玉,1
ユニクロキャップ,0,0,7,2,4,99,22,65,-2,2,1,5,1,聴覚保護,2,回避距離,3,食事,-2,耐寒,2,,,ユニクロチケット,1,轟竜の堅殻,4,狂竜結晶,1,竜玉,1
スタールークヘルム,0,0,7,2,4,99,52,114,0,0,0,0,0,潔癖,2,闘魂,2,乗り,2,,,,,スタジオＧパス,1,金火竜の堅殻,3,蒼火竜の上鱗,2,金火竜の上棘,4
スタールークキャップ,0,0,7,2,4,99,26,65,1,1,1,1,1,潔癖,2,闘魂,3,乗り,2,,,,,スタジオＧパス,1,金火竜の堅殻,3,蒼火竜の上鱗,2,金火竜の上棘,4
ゾディアスヘルム,0,0,7,2,4,99,52,116,1,1,1,1,1,潔癖,1,剣術,3,匠,2,乗り,-3,,,冥天の星くず,1,鋼龍の堅殻,2,鋼龍の翼膜,2,鋼龍の宝玉,1
ゾディアスキャップ,0,0,7,3,4,99,26,65,2,2,2,2,2,潔癖,1,装填数,3,乗り,-3,,,,,冥天の星くず,1,鋼龍の堅殻,2,鋼龍の翼膜,2,鋼龍の宝玉,1
勇者の帽子,0,0,7,0,4,99,52,116,2,2,2,2,2,属性解放,2,運気,3,聴覚保護,-4,加護,3,,,トライフォース,1,黄金の毛,2,雌火竜の翼膜,2,ギルドチケットＳ,2
勇者の頭巾,0,0,7,0,4,99,26,65,3,3,3,3,3,属性解放,2,運気,3,聴覚保護,-4,加護,4,,,トライフォース,1,黄金の毛,2,雌火竜の翼膜,2,ギルドチケットＳ,2
逆巻く怒髪,0,0,7,0,4,99,52,99,6,6,6,6,6,怒,2,闘魂,3,気配,-5,,,,,地上最強の証明,1,黄金の毛,3,恐暴竜の唾液,1,恐暴竜の頭殻,2
威圧の逆髪,0,0,7,0,4,99,26,57,7,7,7,7,7,怒,2,闘魂,3,気配,-5,,,,,地上最強の証明,1,黄金の毛,3,恐暴竜の唾液,1,恐暴竜の頭殻,2
EXアーティアヘルム,0,0,7,2,8,99,52,109,0,-3,-3,2,3,属性解放,2,抜刀会心,3,研ぎ師,-3,,,,,金獅子チケット,1,太古の破片,4,金獅子の尖爪,2,ギルドチケットＧ,1
EXアーティアキャップ,0,0,7,2,8,99,26,63,1,-2,-2,3,4,装填速度,-3,速射,3,装填数,3,,,,,金獅子チケット,1,太古の破片,4,金獅子の尖爪,2,ギルドチケットＧ,1
EXゴアヘルム,0,0,7,1,8,99,58,111,-5,3,-3,2,-2,細菌学,2,剣術,3,闘魂,4,火耐性,-3,,,黒蝕竜チケット,1,黒蝕竜の尖触角,4,天廻龍の上虹翼,5,ギルドチケットＧ,1
EXゴアキャップ,0,0,7,2,8,99,29,64,-4,4,-2,3,-1,細菌学,2,闘魂,3,精密射撃,2,火耐性,-3,,,黒蝕竜チケット,1,黒蝕竜の尖触角,4,天廻龍の上虹翼,5,ギルドチケットＧ,1
EXリベリオンヘルム,0,0,7,1,8,99,81,118,3,3,-2,-2,-3,怒,2,頑強,2,攻撃,-2,狂撃耐性,0,,,蛇王龍チケット,1,蛇王龍の睨眼,3,渦巻骨,8,凶星の破片,2
EXライオットキャップ,0,0,7,1,8,99,41,67,4,4,-1,-1,-2,怒,2,頑強,2,攻撃,-2,狂撃耐性,1,,,蛇王龍チケット,1,蛇王龍の睨眼,3,渦巻骨,8,凶星の破片,2
ミラバルヘッド,0,0,7,1,8,99,86,121,2,-1,1,-3,-7,怒,3,防御,-3,斬れ味,1,スタミナ,1,,,黒龍の魔眼,3,黒龍の紅鱗,5,黒龍の紅角,2,覇竜の宝玉,1
ミラバルフェイス,0,0,7,1,8,99,43,63,3,0,2,-2,-6,怒,3,防御,-3,スタミナ,1,通常弾強化,1,,,黒龍の魔眼,3,黒龍の紅鱗,5,黒龍の紅角,2,覇竜の宝玉,1
