#名前,"性別(0=両,1=男,2=女)","タイプ(0=両方,1=剣士,2=ガンナー)",レア度,スロット数,入手時期／集☆（99=集入手不可）,入手時期／村☆（99=村入手不可）,初期防御力,最終防御力,火耐性,水耐性,雷耐性,氷耐性,龍耐性,スキル系統1,スキル値1,スキル系統2,スキル値2,スキル系統3,スキル値3,スキル系統4,スキル値4,スキル系統5,スキル値5,生産素材1,個数,生産素材2,個数,生産素材3,個数,生産素材4,個数
ブレイブパンツ,0,0,1,0,1,1,1,55,2,0,0,0,1,体力,-2,回復速度,2,乗り,4,,,,,竜骨【小】,1,,,,,,
レザーパンツ,0,0,1,0,1,1,1,55,-1,0,0,0,1,採取,1,気まぐれ,3,,,,,,,暖かい毛皮,2,,,,,,
チェーンパンツ,0,0,1,1,1,1,4,57,2,1,-2,1,0,体力,2,腹減り,2,,,,,,,鉄鉱石,2,暖かい毛皮,1,,,,
ロックラックブーツ,0,0,1,2,1,2,5,57,2,-3,1,0,0,耐暑,2,運搬,5,,,,,,,鋼のたまご,1,モンスターの体液,1,ジャギィの鱗,3,,
ハンターグリーヴ,0,1,1,0,1,1,6,98,0,1,-3,0,0,調合成功率,1,狩人,3,毒,-2,,,,,鉄鉱石,1,大地の結晶,1,竜骨【小】,2,,
ハンターレギンス,0,2,1,0,1,1,3,56,1,2,-2,1,1,調合成功率,1,狩人,3,毒,-2,,,,,鉄鉱石,1,大地の結晶,1,竜骨【小】,2,,
ボーングリーヴ,0,1,1,1,1,3,7,99,1,0,-1,-2,0,KO,2,笛,4,,,,,,,なぞの骨,2,竜骨【中】,1,とがった牙,1,,
ボーンレギンス,0,2,1,1,1,3,4,57,2,1,0,-1,1,KO,2,笛,4,,,,,,,なぞの骨,2,竜骨【中】,1,とがった牙,1,,
アロイグリーヴ,0,1,1,0,1,1,8,100,-1,1,-2,-1,0,胴系統倍化,1,,,,,,,,,マカライト鉱石,4,大地の結晶,2,鉄鉱石,2,,
アロイレギンス,0,2,1,0,1,1,4,57,0,2,-1,0,1,胴系統倍化,1,,,,,,,,,マカライト鉱石,4,大地の結晶,2,鉄鉱石,2,,
リノプログリーヴ,0,1,2,0,1,3,8,100,1,-1,-1,-1,1,KO,3,気絶,-1,耐泥耐雪,3,,,,,草食竜の甲殻,2,竜骨【小】,4,鉄鉱石,2,,
リノプロレギンス,0,2,2,0,1,3,4,57,2,0,0,0,2,KO,2,気絶,-1,耐泥耐雪,3,,,,,草食竜の甲殻,2,竜骨【小】,4,鉄鉱石,2,,
ブナハブーツ,0,1,2,0,1,2,10,102,-4,-1,2,-1,2,攻撃,-1,特殊攻撃,3,納刀,2,麻痺,2,,,飛甲虫の甲殻,2,飛甲虫の羽,3,雷光虫,2,のりこねバッタ,2
ブナハフット,0,2,2,0,1,2,5,57,-3,0,3,0,3,攻撃,-1,特殊攻撃,3,納刀,1,麻痺,2,,,飛甲虫の甲殻,2,飛甲虫の羽,3,雷光虫,2,のりこねバッタ,2
ジャギィグリーヴ,0,1,2,1,1,2,10,102,-2,0,0,0,1,研ぎ師,2,効果持続,-1,気絶,3,,,,,ジャギィの皮,4,ジャギィの鱗,3,竜骨【小】,4,マカライト鉱石,2
ジャギィレギンス,0,2,2,1,1,2,5,57,-1,1,1,1,2,装填速度,2,効果持続,-1,気絶,3,,,,,ジャギィの皮,4,ジャギィの鱗,3,竜骨【小】,4,マカライト鉱石,2
ゲネポスグリーヴ,0,1,2,1,2,3,12,102,1,1,-2,-3,2,特殊攻撃,1,麻痺,2,,,,,,,ドスゲネポスの皮,2,ゲネポスの鱗,2,鉄鉱石,4,,
ゲネポスレギンス,0,2,2,1,2,3,6,57,2,2,-1,-2,3,特殊攻撃,1,麻痺,2,,,,,,,ドスゲネポスの皮,2,ゲネポスの鱗,2,鉄鉱石,4,,
ランポスグリーヴ,0,1,2,1,1,2,13,103,0,0,0,-4,2,攻撃,3,気絶,3,,,,,,,ランポスの皮,2,ランポスの鱗,3,竜骨【小】,4,鉄鉱石,4
ランポスレギンス,0,2,2,1,1,2,7,58,1,1,1,-3,3,攻撃,3,気絶,3,,,,,,,ランポスの皮,2,ランポスの鱗,3,竜骨【小】,4,鉄鉱石,4
アシラグリーヴ,0,1,2,0,99,3,13,103,-2,1,0,-1,1,胴系統倍化,1,,,,,,,,,青熊獣の毛,2,飛甲虫の甲殻,2,光蟲,1,,
アシラレギンス,0,2,2,0,99,3,7,58,-1,2,1,0,2,胴系統倍化,1,,,,,,,,,青熊獣の毛,2,飛甲虫の甲殻,2,光蟲,1,,
ハイメタグリーヴ,0,1,2,1,2,4,14,102,-2,-2,3,-1,0,砲術,4,体力,2,スタミナ,-1,,,,,ドラグライト鉱石,3,マカライト鉱石,2,鉄鉱石,3,ランポスの鱗,3
ハイメタレギンス,0,2,2,1,2,4,7,58,-1,-1,4,0,1,砲術,4,体力,2,スタミナ,-1,,,,,ドラグライト鉱石,3,マカライト鉱石,2,鉄鉱石,3,ランポスの鱗,3
バトルグリーヴ,0,1,2,1,3,5,14,102,2,-2,-2,-1,0,攻撃,4,聴覚保護,-1,研ぎ師,2,,,,,縞模様の皮,1,暖かい毛皮,1,イーオスの鱗,5,大地の結晶,3
バトルレギンス,0,2,2,1,3,5,7,58,3,-1,-1,0,1,装填速度,2,攻撃,4,聴覚保護,-1,,,,,縞模様の皮,1,暖かい毛皮,1,イーオスの鱗,5,大地の結晶,3
ケチャグリーヴ,0,1,2,0,1,3,14,102,-3,2,-2,0,2,運気,-1,水属性攻撃,1,気まぐれ,4,,,,,奇猿狐の尻尾,1,奇猿狐の長骨,2,奇猿狐の毛,2,雷光虫,2
ケチャレギンス,0,2,2,0,1,3,7,58,-2,3,-1,1,3,運気,-1,水属性攻撃,1,気まぐれ,4,,,,,奇猿狐の尻尾,1,奇猿狐の長骨,2,奇猿狐の毛,2,雷光虫,2
ゲリョスグリーヴ,0,1,2,1,1,3,14,102,-4,1,2,-2,0,スタミナ,3,腹減り,-2,毒,1,,,,,ゴム質の皮,3,大地の結晶,2,ゲネポスの皮,3,,
ゲリョスレギンス,0,2,2,1,1,3,7,58,-3,2,3,-1,1,スタミナ,3,腹減り,-2,毒,1,,,,,ゴム質の皮,3,大地の結晶,2,ゲネポスの皮,3,,
コンガグリーヴ,0,1,2,1,2,3,14,102,-3,1,1,-1,2,細菌学,2,食いしん坊,2,腹減り,-2,,,,,コンガの毛,4,徹甲虫の甲殻,2,大きな骨,1,マカライト鉱石,2
コンガレギンス,0,2,2,1,2,3,7,58,-2,2,2,0,3,細菌学,2,食いしん坊,2,腹減り,-2,,,,,コンガの毛,4,徹甲虫の甲殻,2,大きな骨,1,マカライト鉱石,2
ルドロスグリーヴ,0,1,2,1,99,3,15,103,-3,2,-1,-1,1,スタミナ,2,水属性攻撃,2,雷耐性,-1,耐暑,2,,,水獣の爪,2,ランポスの鱗,3,海綿質の皮,2,のりこねバッタ,3
ルドロスレギンス,0,2,2,1,99,3,7,58,-2,3,0,0,2,スタミナ,2,水属性攻撃,2,雷耐性,-1,耐暑,2,,,水獣の爪,2,ランポスの鱗,3,海綿質の皮,2,のりこねバッタ,3
ウルクグリーヴ,0,1,2,2,2,4,15,103,-2,2,-1,2,2,回避距離,2,耐暑,-1,耐寒,1,,,,,白兎獣の毛,2,白兎獣の腹甲,2,白兎獣の氷爪,1,のりこねバッタ,8
ウルクレギンス,0,2,2,2,2,4,8,58,-1,3,0,3,3,回避距離,2,耐暑,-1,耐寒,1,,,,,白兎獣の毛,2,白兎獣の腹甲,2,白兎獣の氷爪,1,のりこねバッタ,8
イーオスグリーヴ,0,1,2,0,3,5,15,103,0,-3,-3,2,2,胴系統倍化,1,,,,,,,,,イーオスの皮,2,イーオスの鱗,4,竜骨【小】,3,鉄鉱石,2
イーオスレギンス,0,2,2,0,3,5,8,58,1,-2,-2,3,3,胴系統倍化,1,,,,,,,,,イーオスの皮,2,イーオスの鱗,4,竜骨【小】,3,鉄鉱石,2
ガブラスーツフット,0,1,2,3,3,99,15,103,1,-2,2,1,-3,属性解放,1,属性耐性,-2,毒,1,,,,,縞模様の皮,5,火竜の翼膜,2,キラビートル,2,蟲のコイン,1
ガブラスーツタイツ,0,2,2,3,3,99,8,58,2,-1,3,2,-2,属性解放,1,属性耐性,-2,毒,1,,,,,縞模様の皮,5,火竜の翼膜,2,キラビートル,2,蟲のコイン,1
カブラグリーヴ,0,1,2,0,1,3,16,104,2,-3,-2,0,1,胴系統倍化,1,,,,,,,,,鬼蛙の爪,2,鬼蛙の甲殻,3,草食竜の甲殻,2,大地の結晶,3
カブラレギンス,0,2,2,0,1,3,8,58,3,-2,-1,1,2,胴系統倍化,1,,,,,,,,,鬼蛙の爪,2,鬼蛙の甲殻,3,草食竜の甲殻,2,大地の結晶,3
クックグリーヴ,0,1,2,2,1,2,16,104,2,-1,-2,-3,2,攻撃,2,聴覚保護,-2,スタミナ,1,,,,,怪鳥の耳,2,怪鳥の甲殻,2,怪鳥の翼膜,2,ランポスの皮,2
クックレギンス,0,2,2,2,1,2,8,58,3,0,-1,-2,3,攻撃,2,聴覚保護,-2,スタミナ,1,,,,,怪鳥の耳,2,怪鳥の甲殻,2,怪鳥の翼膜,2,ランポスの皮,2
Ｋ・ロブスタグリーヴ,0,1,4,1,99,4,16,104,-2,5,-5,2,-2,回避性能,1,回避距離,4,火耐性,-3,,,,,エビの小殻,1,エビの尾扇,1,化け鮫のヒレ,1,マカライト鉱石,3
Ｋ・ロブスタレギンス,0,2,4,1,99,4,8,58,-1,6,-4,3,-1,回避性能,1,回避距離,4,火耐性,-3,,,,,エビの小殻,1,エビの尾扇,1,化け鮫のヒレ,1,マカライト鉱石,3
ボロスグリーヴ,0,1,2,1,99,4,18,106,4,-4,1,-2,0,攻撃,3,防御,2,ガード性能,1,腹減り,-2,,,土砂竜の甲殻,2,竜骨【大】,2,草食竜の甲殻,3,,
ボロスレギンス,0,2,2,1,99,4,8,58,5,-3,2,-1,1,攻撃,3,防御,2,精密射撃,1,腹減り,-2,,,土砂竜の甲殻,2,竜骨【大】,2,草食竜の甲殻,3,,
インゴットグリーヴ,0,1,3,1,3,5,18,106,-2,-2,2,0,0,ガード強化,3,納刀,1,雷属性攻撃,2,気まぐれ,-2,,,紅蓮石,2,ドラグライト鉱石,2,大地の結晶,5,ライトクリスタル,1
インゴットレギンス,0,2,3,1,3,5,8,58,-1,-1,3,1,1,反動,1,散弾強化,3,雷属性攻撃,2,気まぐれ,-2,,,紅蓮石,2,ドラグライト鉱石,2,大地の結晶,5,ライトクリスタル,1
バサルグリーヴ,0,1,2,1,2,3,18,106,0,-2,1,1,-3,耐暑,3,毒,2,麻痺,-1,睡眠,2,,,岩竜の甲殻,3,マカライト鉱石,5,毒袋,3,ゲネポスの皮,5
バサルレギンス,0,2,2,1,2,3,9,59,1,-1,2,2,-2,耐暑,3,毒,2,麻痺,-1,睡眠,2,,,岩竜の甲殻,3,マカライト鉱石,5,毒袋,3,ゲネポスの皮,5
ガーディアンブーツ,1,1,4,2,2,99,18,106,0,0,0,0,0,採取,-2,運気,1,砲術,3,加護,2,,,ドラグライト鉱石,2,闘技王のコイン,3,鳥竜のコイン,3,,
ガーディアンフット,1,2,4,2,2,99,9,59,1,1,1,1,1,採取,-2,運気,1,広域,2,加護,2,,,ドラグライト鉱石,2,闘技王のコイン,3,鳥竜のコイン,3,,
ヘルパーソックス,2,1,4,2,2,99,18,106,0,0,0,0,0,採取,-2,運気,1,砲術,3,加護,2,,,ドラグライト鉱石,2,闘技王のコイン,3,鳥竜のコイン,3,,
ヘルパータイツ,2,2,4,2,2,99,9,59,1,1,1,1,1,採取,-2,運気,1,広域,2,加護,2,,,ドラグライト鉱石,2,闘技王のコイン,3,鳥竜のコイン,3,,
ロワーガガンバ,1,1,4,2,3,5,18,106,-4,0,3,-1,1,剣術,1,聴覚保護,5,龍属性攻撃,2,加護,-1,ハチミツ,3,オオクワアゲハ,1,レビテライト鉱石,2,モンスターの体液,3,ツチハチノコ,10
ロワーガフェムル,1,2,4,2,3,5,9,59,-3,1,4,0,2,速射,1,聴覚保護,5,龍属性攻撃,2,加護,-1,ハチミツ,3,オオクワアゲハ,1,レビテライト鉱石,2,モンスターの体液,3,ツチハチノコ,10
ファルメルガンバ,2,1,4,2,3,5,18,106,-4,0,3,-1,1,剣術,1,聴覚保護,5,龍属性攻撃,2,加護,-1,ハチミツ,3,オオクワアゲハ,1,レビテライト鉱石,2,モンスターの体液,3,ツチハチノコ,10
ファルメルフェムル,2,2,4,2,3,5,9,59,-3,1,4,0,2,速射,1,聴覚保護,5,龍属性攻撃,2,加護,-1,ハチミツ,3,オオクワアゲハ,1,レビテライト鉱石,2,モンスターの体液,3,ツチハチノコ,10
マギュルライース,0,1,4,0,4,99,19,107,-4,1,0,2,0,属性解放,2,溜め短縮,3,調合成功率,1,調合数,2,回復速度,1,ペピポパンプキン,4,ドスヘラクレス,8,はじけクルミ,10,雷光虫,4
マギュルヴルツェル,0,2,4,0,4,99,9,59,-3,2,1,3,1,属性解放,2,溜め短縮,3,調合成功率,1,調合数,2,回復速度,1,ペピポパンプキン,4,ドスヘラクレス,8,はじけクルミ,10,雷光虫,4
スキュラグリーヴ,0,1,2,2,2,4,19,107,-2,2,-2,1,2,観察眼,2,腹減り,-2,高速設置,1,睡眠,2,,,影蜘蛛の甲殻,3,睡眠袋,1,ゴム質の皮,2,とがった牙,4
スキュラレギンス,0,2,2,2,2,4,9,59,-1,3,-1,2,3,観察眼,2,腹減り,-2,高速設置,1,睡眠,2,,,影蜘蛛の甲殻,3,睡眠袋,1,ゴム質の皮,2,とがった牙,4
フルフルグリーヴ,0,1,2,1,2,4,19,107,-4,1,1,2,1,雷属性攻撃,3,回復量,3,気絶,-2,,,,,ブヨブヨした皮,2,マカライト鉱石,2,肉厚な皮,3,,
フルフルレギンス,0,2,2,1,2,4,10,60,-3,2,2,3,2,雷属性攻撃,3,回復量,3,気絶,-2,,,,,ブヨブヨした皮,2,マカライト鉱石,2,肉厚な皮,3,,
レイアグリーヴ,0,1,2,2,2,4,19,107,2,0,-2,0,-3,体力,2,火属性攻撃,1,回復速度,-2,,,,,雌火竜の甲殻,3,雌火竜の鱗,4,竜骨【大】,3,ライトクリスタル,1
レイアレギンス,0,2,2,2,2,4,10,60,3,1,-1,1,-2,体力,2,火属性攻撃,1,回復速度,-2,,,,,雌火竜の甲殻,3,雌火竜の鱗,4,竜骨【大】,3,ライトクリスタル,1
アーティアグリーヴ,0,1,3,1,3,5,20,108,0,-3,-3,1,2,ガード強化,4,研ぎ師,-2,気力回復,4,,,,,さびた破片,5,紅蓮石,2,マカライト鉱石,8,,
アーティアレギンス,0,2,3,1,3,5,10,60,1,-2,-2,2,3,装填速度,-2,反動,5,精密射撃,4,,,,,さびた破片,5,紅蓮石,2,マカライト鉱石,8,,
ザボアグリーヴ,0,1,2,1,2,4,20,108,-2,2,-3,2,0,体力,3,氷属性攻撃,2,肉食,1,腹減り,-2,,,化け鮫の鱗,2,化け鮫の皮,4,化け鮫のヒレ,1,鮫肌の鱗,2
ザボアレギンス,0,2,2,1,2,4,10,60,-1,3,-2,3,1,体力,3,氷属性攻撃,2,肉食,1,腹減り,-2,,,化け鮫の鱗,2,化け鮫の皮,4,化け鮫のヒレ,1,鮫肌の鱗,2
ガララグリーヴ,0,1,2,1,2,4,20,108,1,-2,0,-4,1,捕獲,3,聴覚保護,1,気まぐれ,-2,麻痺,2,,,絞蛇竜の皮,3,絞蛇竜の甲殻,3,絞蛇竜の牙,3,垂皮竜の皮,3
ガララレギンス,0,2,2,1,2,4,10,60,2,-1,1,-3,2,捕獲,3,聴覚保護,1,気まぐれ,-2,麻痺,2,,,絞蛇竜の皮,3,絞蛇竜の甲殻,3,絞蛇竜の牙,3,垂皮竜の皮,3
ガノスグリーヴ,0,1,4,2,99,4,20,108,-4,3,-5,2,2,捕獲,2,スタミナ,4,耐暑,2,高速設置,2,,,水竜の鱗,1,水竜のヒレ,2,ライトクリスタル,2,,
ガノスレギンス,0,2,4,1,99,4,10,60,-3,4,-4,3,3,捕獲,2,スタミナ,4,耐暑,2,高速設置,2,,,水竜の鱗,1,水竜のヒレ,2,ライトクリスタル,2,,
ギルドバードブーツ,1,1,4,0,3,99,20,108,0,0,0,0,0,胴系統倍化,1,,,,,,,,,レビテライト鉱石,1,蟲のコイン,2,鳥竜のコイン,3,闘技王のコイン,3
ギルドバードフット,1,2,4,0,3,99,10,60,1,1,1,1,1,胴系統倍化,1,,,,,,,,,レビテライト鉱石,1,蟲のコイン,2,鳥竜のコイン,3,闘技王のコイン,3
スカラーソックス,2,1,4,0,3,99,20,108,0,0,0,0,0,胴系統倍化,1,,,,,,,,,レビテライト鉱石,1,蟲のコイン,2,鳥竜のコイン,3,闘技王のコイン,3
スカラーサンダル,2,2,4,0,3,99,10,60,1,1,1,1,1,胴系統倍化,1,,,,,,,,,レビテライト鉱石,1,蟲のコイン,2,鳥竜のコイン,3,闘技王のコイン,3
ジンオウグリーヴ,0,1,3,2,3,5,21,109,0,-2,2,-4,1,本気,1,雷属性攻撃,3,気配,-2,,,,,雷狼竜の蓄電殻,3,雷狼竜の甲殻,3,雷狼竜の爪,3,超電雷光虫,3
ジンオウレギンス,0,2,3,0,3,5,10,60,1,-1,3,-3,2,本気,1,雷属性攻撃,3,気配,-2,,,,,雷狼竜の蓄電殻,3,雷狼竜の甲殻,3,雷狼竜の爪,3,超電雷光虫,3
セルタスグリーヴ,0,1,3,1,3,5,21,109,-3,2,-1,-2,2,捕獲,3,砲術,1,斬れ味,2,気力回復,-2,,,重甲虫の爪,2,重甲虫の胸殻,4,重甲エキス,1,とがった牙,4
セルタスレギンス,0,2,3,1,3,5,10,60,-2,3,0,-1,3,砲術,1,装填数,3,榴弾追加,2,気力回復,-2,,,重甲虫の爪,2,重甲虫の胸殻,4,重甲エキス,1,とがった牙,4
ハプルグリーヴ,0,1,2,0,99,5,21,109,2,0,-2,-4,1,納刀,3,食事,3,,,,,,,潜口竜の皮,3,モンスターの体液,3,草食竜の甲殻,3,,
ハプルレギンス,0,2,2,0,99,5,10,60,3,1,-1,-3,2,納刀,3,食事,3,,,,,,,潜口竜の皮,3,モンスターの体液,3,草食竜の甲殻,3,,
ギザミグリーヴ,0,1,2,2,99,5,21,109,1,2,-1,-1,0,斬れ味,4,研ぎ師,2,,,,,,,鎌蟹の甲殻,2,マカライト鉱石,3,キラビートル,1,,
ギザミレギンス,0,2,2,1,99,5,10,60,2,3,0,0,1,防御,-1,貫通弾強化,2,貫通弾追加,1,精密射撃,1,,,鎌蟹の甲殻,2,マカライト鉱石,3,キラビートル,1,,
ゴアグリーヴ,0,1,3,2,3,5,21,109,-4,2,-3,1,-2,細菌学,1,闘魂,3,火耐性,-3,,,,,黒蝕竜の甲殻,3,黒蝕竜の鱗,1,黒蝕竜の逆鱗,1,翼蛇竜の皮,5
ゴアレギンス,0,2,3,2,3,5,11,61,-3,3,-2,2,-1,細菌学,1,闘魂,3,火耐性,-3,,,,,黒蝕竜の甲殻,3,黒蝕竜の鱗,1,黒蝕竜の逆鱗,1,翼蛇竜の皮,5
レックスグリーヴ,0,1,3,2,3,5,22,110,2,-1,-4,0,-2,攻撃,2,研ぎ師,-2,食いしん坊,2,,,,,轟竜の鱗,4,轟竜の爪,5,轟竜の甲殻,3,狗竜の皮,3
レックスレギンス,0,2,3,2,3,5,11,61,3,0,-3,1,-1,反動,-2,攻撃,2,食いしん坊,2,,,,,轟竜の鱗,4,轟竜の爪,5,轟竜の甲殻,3,狗竜の皮,3
ブラキグリーヴ,0,1,3,1,3,6,22,110,2,-4,0,-2,0,闘魂,2,回避性能,-2,爆弾強化,3,,,,,砕竜の甲殻,4,なぞの粘菌,2,砕竜の拳,2,ドラグライト鉱石,5
ブラキレギンス,0,2,3,1,3,6,11,61,3,-3,1,-1,1,闘魂,1,回避性能,-2,爆弾強化,2,,,,,砕竜の甲殻,4,なぞの粘菌,2,砕竜の拳,2,ドラグライト鉱石,5
ナルガグリーヴ,0,1,3,0,5,99,22,110,-2,1,-4,1,1,痛撃,2,回避性能,4,スタミナ,-2,回避距離,3,,,迅竜の黒毛,2,迅竜の骨髄,1,竜玉,1,,
ナルガレギンス,0,2,3,0,5,99,11,61,-1,2,-3,2,2,痛撃,2,回避性能,4,スタミナ,-2,回避距離,3,,,迅竜の黒毛,2,迅竜の骨髄,1,竜玉,1,,
グラビドグリーヴ,0,1,3,1,3,5,23,111,2,-3,0,1,-2,防御,3,ガード性能,2,スタミナ,-2,,,,,鎧竜の甲殻,5,火炎袋,3,上竜骨,2,ドスイーオスの皮,2
グラビドレギンス,0,2,3,1,3,5,12,62,3,-2,1,2,-1,反動,2,防御,3,スタミナ,-2,,,,,鎧竜の甲殻,5,火炎袋,3,上竜骨,2,ドスイーオスの皮,2
レウスグリーヴ,0,1,3,1,3,5,23,111,2,0,-2,0,-3,攻撃,3,火属性攻撃,1,回復量,-2,,,,,火竜の甲殻,3,火竜の鱗,4,火炎袋,2,ドラグライト鉱石,3
レウスレギンス,0,2,3,1,3,5,12,62,3,1,-1,1,-2,攻撃,3,火属性攻撃,1,回復量,-2,,,,,火竜の甲殻,3,火竜の鱗,4,火炎袋,2,ドラグライト鉱石,3
ラヴァグリーヴ,0,1,3,2,99,6,23,111,2,-3,0,0,1,ガード性能,2,回復速度,3,気配,-2,,,,,溶岩竜の鱗,3,溶岩竜のヒレ,1,イーオスの皮,5,,
ラヴァレギンス,0,2,3,2,99,6,12,62,3,-2,1,1,2,反動,2,回復速度,3,気配,-2,,,,,溶岩竜の鱗,3,溶岩竜のヒレ,1,イーオスの皮,5,,
ディアブログリーヴ,0,1,3,3,99,6,23,111,2,0,0,-4,0,剣術,3,研ぎ師,-2,納刀,1,耐震,1,,,角竜の甲殻,3,上竜骨,3,草食竜の甲殻,3,,
ディアブロレギンス,0,2,3,3,99,6,12,62,3,1,1,-3,1,納刀,1,根性,3,貫通弾強化,2,精密射撃,-2,,,角竜の甲殻,3,上竜骨,3,草食竜の甲殻,3,,
ガルルガグリーヴ,0,1,3,2,3,5,24,112,1,-3,1,-2,0,達人,4,聴覚保護,1,,,,,,,黒狼鳥の鱗,5,黒狼鳥の甲殻,4,のりこねバッタ,4,ドスゲネポスの皮,2
ガルルガレギンス,0,2,3,2,3,5,12,62,2,-2,2,-1,1,達人,4,聴覚保護,1,,,,,,,黒狼鳥の鱗,5,黒狼鳥の甲殻,4,のりこねバッタ,4,ドスゲネポスの皮,2
ガンキングリーヴ,0,1,3,0,99,5,24,112,2,-4,1,-1,-2,胴系統倍化,1,,,,,,,,,爆鎚竜の耐熱殻,2,盾虫の甲殻,4,火炎袋,3,,
ガンキンレギンス,0,2,3,0,99,5,12,62,3,-3,2,0,-1,胴系統倍化,1,,,,,,,,,爆鎚竜の耐熱殻,2,盾虫の甲殻,4,火炎袋,3,,
ドボルグリーヴ,0,1,3,1,99,6,24,112,-4,2,1,-2,1,攻撃,1,達人,-1,回復速度,3,,,,,尾槌竜の苔甲,4,大きな骨,5,暖かい毛皮,4,,
ドボルレギンス,0,2,3,1,99,6,12,62,-3,3,2,-1,2,攻撃,1,達人,-1,回復速度,3,,,,,尾槌竜の苔甲,4,大きな骨,5,暖かい毛皮,4,,
アークグリーヴ,1,1,3,2,7,6,24,112,-3,3,0,1,-5,匠,3,本気,3,火耐性,-3,狂撃耐性,1,,,天廻龍の甲殻,3,天廻龍の鱗,1,天廻龍の逆鱗,1,上竜骨,4
アークレギンス,1,2,3,2,7,6,12,62,-2,4,1,2,-4,本気,3,装填数,3,火耐性,-3,狂撃耐性,1,,,天廻龍の甲殻,3,天廻龍の鱗,1,天廻龍の逆鱗,1,上竜骨,4
フィリアグリーヴ,2,1,3,2,7,6,24,112,-3,3,0,1,-5,匠,3,本気,3,火耐性,-3,狂撃耐性,1,,,天廻龍の甲殻,3,天廻龍の鱗,1,天廻龍の逆鱗,1,上竜骨,4
フィリアレギンス,2,2,3,2,7,6,12,62,-2,4,1,2,-4,本気,3,装填数,3,火耐性,-3,狂撃耐性,1,,,天廻龍の甲殻,3,天廻龍の鱗,1,天廻龍の逆鱗,1,上竜骨,4
残陽【具足】,1,1,3,0,4,6,26,112,2,1,-3,2,-3,抜刀減気,3,達人,4,底力,-3,スタミナ,1,,,豪山龍の紅鱗,5,豪山龍の甲岩殻,6,ドラグライト鉱石,5,豪龍岩,3
東雲【袴】,1,2,3,0,4,6,13,62,3,2,-2,3,-2,装填速度,-3,スタミナ,2,無傷,3,貫通弾強化,3,,,豪山龍の紅鱗,5,豪山龍の甲岩殻,6,ドラグライト鉱石,5,豪龍岩,3
常磐【具足】,2,1,3,0,4,6,26,112,2,1,-3,2,-3,抜刀減気,3,達人,4,底力,-3,スタミナ,1,,,豪山龍の紅鱗,5,豪山龍の甲岩殻,6,ドラグライト鉱石,5,豪龍岩,3
八千代【袴】,2,2,3,0,4,6,13,62,3,2,-2,3,-2,装填速度,-3,スタミナ,2,無傷,3,貫通弾強化,3,,,豪山龍の紅鱗,5,豪山龍の甲岩殻,6,ドラグライト鉱石,5,豪龍岩,3
キリンレガース,0,1,3,2,3,6,26,112,-2,-2,4,0,2,属性耐性,1,運気,-2,属性攻撃,3,,,,,キリンの皮,7,キリンの雷角,1,怪鳥の鱗,5,電気袋,3
キリンブーツ,0,2,3,2,3,6,13,62,-1,-1,5,1,3,属性耐性,1,運気,-2,属性攻撃,3,,,,,キリンの皮,7,キリンの雷角,1,怪鳥の鱗,5,電気袋,3
暁丸【具足】,1,1,3,2,99,6,26,112,-2,2,0,2,-4,剣術,2,スタミナ,-1,重撃,3,加護,2,,,老山龍の大爪,3,老山龍の甲殻,5,雌火竜の棘,2,,
曙丸【具足】,1,2,3,1,99,6,13,62,-1,3,1,3,-3,スタミナ,-1,重撃,3,装填数,2,加護,2,,,老山龍の大爪,3,老山龍の甲殻,5,雌火竜の棘,2,,
凛【袴】,2,1,3,2,99,6,26,112,-2,2,0,2,-4,剣術,2,スタミナ,-1,重撃,3,加護,2,,,老山龍の大爪,3,老山龍の甲殻,5,雌火竜の棘,2,,
艶【袴】,2,2,3,1,99,6,13,62,-1,3,1,3,-3,スタミナ,-1,重撃,3,装填数,2,加護,2,,,老山龍の大爪,3,老山龍の甲殻,5,雌火竜の棘,2,,
ブラックレザーレグス,0,1,7,1,1,99,15,109,2,2,2,2,2,底力,10,,,,,,,,,モンハン部入部届,3,翼蛇竜の皮,6,,,,
ブラックレザーパンツ,0,2,7,1,1,99,8,63,3,3,3,3,3,底力,10,,,,,,,,,モンハン部入部届,3,翼蛇竜の皮,6,,,,
ブルースターブーツ,0,1,7,2,1,99,26,110,1,1,1,1,1,闘魂,2,水属性攻撃,4,采配,2,,,,,スタジオパス,1,火竜の尻尾,4,火竜の逆鱗,1,狂竜結晶の欠片,3
ブルースターフット,0,2,7,2,1,99,13,64,2,2,2,2,2,闘魂,2,水属性攻撃,4,采配,2,,,,,スタジオパス,1,火竜の尻尾,4,火竜の逆鱗,1,狂竜結晶の欠片,3
ブレイブＳグリーヴ,0,1,4,0,4,99,18,100,3,0,0,0,2,体力,-1,回復速度,1,乗り,4,,,,,天空の結晶,3,上質な毛皮,1,上質な鳥竜骨,2,大地の結晶,2
ブレイブＳレギンス,0,2,4,1,4,99,9,59,4,1,1,1,3,体力,-1,回復速度,1,乗り,2,,,,,天空の結晶,3,上質な毛皮,1,上質な鳥竜骨,2,大地の結晶,2
レザーＳグリーヴ,0,1,4,1,4,99,22,100,-2,0,0,0,2,採取,3,運気,-1,高速収集,2,,,,,上質な毛皮,2,上竜骨,2,盾虫の堅殻,1,,
レザーＳレギンス,0,2,4,1,4,99,11,59,-1,1,1,1,3,採取,1,運気,-1,高速収集,2,,,,,上質な毛皮,2,上竜骨,2,盾虫の堅殻,1,,
チェーンＳグリーヴ,0,1,4,1,4,99,23,101,2,2,-3,1,0,体力,2,調合成功率,2,腹減り,2,睡眠,-2,,,カブレライト鉱石,2,マカライト鉱石,2,鉄鉱石,5,,
チェーンＳレギンス,0,2,4,1,4,99,11,59,3,3,-2,2,1,体力,2,調合成功率,2,腹減り,2,睡眠,-2,,,カブレライト鉱石,2,マカライト鉱石,2,鉄鉱石,5,,
ハンターＳグリーヴ,0,1,4,1,4,99,26,102,0,2,-4,0,0,千里眼,3,調合成功率,2,狩人,3,毒,-1,,,カブレライト鉱石,1,暖かい毛皮,2,氷結晶,3,大地の結晶,2
ハンターＳレギンス,0,2,4,1,4,99,13,59,1,3,-3,1,1,千里眼,3,調合成功率,3,狩人,3,毒,-1,,,カブレライト鉱石,1,暖かい毛皮,2,氷結晶,3,大地の結晶,2
ボーンＳグリーヴ,0,1,4,0,4,99,27,103,2,0,-1,-3,0,KO,2,観察眼,1,笛,4,睡眠,-1,,,上質な鳥竜骨,2,竜骨【小】,3,上竜骨,2,,
ボーンＳレギンス,0,2,4,0,4,99,13,59,3,1,0,-2,1,KO,2,観察眼,1,笛,4,睡眠,-1,,,上質な鳥竜骨,2,竜骨【小】,3,上竜骨,2,,
アロイＳグリーヴ,0,1,4,0,4,99,28,102,-1,2,-3,-2,0,胴系統倍化,1,,,,,,,,,カブレライト鉱石,3,レビテライト鉱石,3,紅蓮石,3,氷結晶,5
アロイＳレギンス,0,2,4,0,4,99,14,59,0,3,-2,-1,1,胴系統倍化,1,,,,,,,,,カブレライト鉱石,3,レビテライト鉱石,3,紅蓮石,3,氷結晶,5
リノプロＳグリーヴ,0,1,4,1,4,99,31,103,2,-1,-1,-1,1,砲術,1,KO,3,気絶,-1,耐泥耐雪,2,,,草食竜の堅殻,3,竜骨【小】,6,カブレライト鉱石,2,,
リノプロＳレギンス,0,2,4,1,4,99,15,60,3,0,0,0,2,砲術,1,KO,3,気絶,-1,耐泥耐雪,2,,,草食竜の堅殻,3,竜骨【小】,6,カブレライト鉱石,2,,
ブナハＳブーツ,0,1,4,1,4,99,33,102,-5,-1,2,-1,3,攻撃,-1,特殊攻撃,3,納刀,2,麻痺,2,,,飛甲虫の堅殻,2,飛甲虫の羽,4,上質な腹袋,1,モンスターの体液,3
ブナハＳフット,0,2,4,1,4,99,16,60,-4,0,3,0,4,攻撃,-1,特殊攻撃,3,納刀,1,麻痺,2,,,飛甲虫の堅殻,2,飛甲虫の羽,4,上質な腹袋,1,モンスターの体液,3
ジャギィＳグリーヴ,0,1,4,1,4,99,36,103,-4,0,0,0,2,攻撃,1,研ぎ師,3,効果持続,-1,気絶,3,,,ジャギィの上鱗,4,ジャギィの皮,4,上質な鳥竜骨,4,ドラグライト鉱石,2
ジャギィＳレギンス,0,2,4,1,4,99,18,61,-3,1,1,1,3,装填速度,3,攻撃,1,効果持続,-1,気絶,3,,,ジャギィの上鱗,4,ジャギィの皮,4,上質な鳥竜骨,4,ドラグライト鉱石,2
ゲネポスＳグリーヴ,0,1,4,2,4,99,36,103,1,1,-3,-5,3,特殊攻撃,1,麻痺,2,,,,,,,ゲネポスの上鱗,2,ゲネポスの上皮,4,ドラグライト鉱石,5,上竜骨,3
ゲネポスＳレギンス,0,2,4,2,4,99,18,61,2,2,-2,-4,4,特殊攻撃,1,麻痺,2,,,,,,,ゲネポスの上鱗,2,ゲネポスの上皮,4,ドラグライト鉱石,5,上竜骨,3
ランゴグリーヴ,0,1,4,0,4,99,36,103,-5,-5,2,-4,2,特殊攻撃,3,対防御DOWN,3,毒,-2,麻痺,2,,,ランゴスタの薄羽,2,モンスターの濃汁,1,ドスヘラクレス,2,,
ランゴレギンス,0,2,4,0,4,99,18,61,-4,-4,3,-3,3,特殊攻撃,3,対防御DOWN,3,毒,-2,麻痺,2,,,ランゴスタの薄羽,2,モンスターの濃汁,1,ドスヘラクレス,2,,
ペッコグリーヴ,0,1,4,1,4,99,36,103,2,-1,0,-3,0,氷耐性,-1,観察眼,2,広域,3,笛,3,,,徹甲虫の堅殻,4,極彩色の羽根,2,上竜骨,4,,
ペッコレギンス,0,2,4,1,4,99,18,61,3,0,1,-2,1,氷耐性,-1,観察眼,2,広域,3,笛,3,,,徹甲虫の堅殻,4,極彩色の羽根,2,上竜骨,4,,
コンガＳグリーヴ,0,1,4,1,4,99,38,103,-4,1,1,-1,3,細菌学,2,特殊攻撃,2,食いしん坊,2,腹減り,-2,,,桃毛獣の剛毛,3,強靭な鳥竜皮,2,堅牢な骨,2,ドラグライト鉱石,4
コンガＳレギンス,0,2,4,1,4,99,19,61,-3,2,2,0,4,細菌学,2,特殊攻撃,2,食いしん坊,2,腹減り,-2,,,桃毛獣の剛毛,3,強靭な鳥竜皮,2,堅牢な骨,2,ドラグライト鉱石,4
コンガＵグリーヴ,0,1,5,1,4,99,40,103,1,0,0,-4,3,底力,2,爆弾強化,2,腹減り,-1,,,,,緑毛獣の剛毛,3,緑毛獣の鋭牙,4,堅牢な骨,2,ドラグライト鉱石,4
コンガＵレギンス,0,2,5,1,4,99,20,61,2,1,1,-3,4,底力,2,爆弾強化,2,腹減り,-1,,,,,緑毛獣の剛毛,3,緑毛獣の鋭牙,4,堅牢な骨,2,ドラグライト鉱石,4
ランポスＳグリーヴ,0,1,4,0,4,99,38,103,0,0,0,-5,3,胴系統倍化,1,,,,,,,,,ランポスの上鱗,3,強靭な鳥竜皮,3,上質な鳥竜骨,4,マカライト鉱石,4
ランポスＳレギンス,0,2,4,0,4,99,19,61,1,1,1,-4,4,胴系統倍化,1,,,,,,,,,ランポスの上鱗,3,強靭な鳥竜皮,3,上質な鳥竜骨,4,マカライト鉱石,4
クロムメタルブーツ,0,1,4,0,5,99,40,103,2,-2,0,0,0,胴系統倍化,1,,,,,,,,,堅竜骨,6,ノヴァクリスタル,1,,,,
クロムメタルフット,0,2,4,0,5,99,20,61,3,-1,1,1,1,胴系統倍化,1,,,,,,,,,堅竜骨,6,ノヴァクリスタル,1,,,,
ガレオスグリーヴ,0,1,4,0,4,99,40,103,-3,2,-4,2,0,防御,5,耐暑,1,腹減り,3,気絶,-3,,,砂竜の上鱗,2,砂竜の上ヒレ,2,ノヴァクリスタル,1,硬化薬グレート,2
ガレオスレギンス,0,2,4,0,4,99,20,61,-2,3,-3,3,1,防御,5,耐暑,1,腹減り,3,気絶,-3,,,砂竜の上鱗,2,砂竜の上ヒレ,2,ノヴァクリスタル,1,硬化薬グレート,2
ザザミグリーヴ,0,1,4,1,4,99,40,103,-3,3,-4,0,1,防御,3,ガード性能,3,雷耐性,-2,,,,,盾蟹の堅殻,1,盾蟹の尖爪,1,上質な鳥竜骨,2,ドラグライト鉱石,5
ザザミレギンス,0,2,4,1,4,99,20,61,-2,4,-3,1,2,防御,3,精密射撃,3,雷耐性,-2,,,,,盾蟹の堅殻,1,盾蟹の尖爪,1,上質な鳥竜骨,2,ドラグライト鉱石,5
ガブラスーツＳフット,0,1,4,3,5,99,40,103,2,-3,3,2,-4,属性解放,1,属性耐性,-2,減気攻撃,1,,,,,翼蛇竜の上皮,1,縞模様の皮,4,火竜の翼爪,5,ガマのコイン,1
ガブラスーツＳタイツ,0,2,4,3,5,99,20,61,3,-2,4,3,-3,属性解放,1,属性耐性,-2,減気攻撃,1,,,,,翼蛇竜の上皮,1,縞模様の皮,4,火竜の翼爪,5,ガマのコイン,1
イーオスーツフット,0,1,5,2,5,99,41,102,2,1,1,1,1,運気,3,毒,3,気絶,-2,,,,,イーオスの上皮,2,ドスイーオスの皮,2,イーオスの上鱗,3,肉厚な上皮,3
イーオスーツタイツ,0,2,5,2,5,99,21,62,3,2,2,2,2,採取,-3,運気,2,火耐性,2,,,,,イーオスの上皮,2,ドスイーオスの皮,2,イーオスの上鱗,3,肉厚な上皮,3
ケチャＳグリーヴ,0,1,4,1,4,99,43,104,-5,3,-3,0,3,運気,-1,水属性攻撃,1,体術,2,気まぐれ,4,,,奇猿狐の堅長骨,2,奇猿狐の長骨,3,奇猿狐の尻尾,1,ドスヘラクレス,3
ケチャＳレギンス,0,2,4,1,4,99,21,62,-4,4,-2,1,4,運気,-1,水属性攻撃,1,体術,2,気まぐれ,4,,,奇猿狐の堅長骨,2,奇猿狐の長骨,3,奇猿狐の尻尾,1,ドスヘラクレス,3
クックＳグリーヴ,0,1,4,1,4,99,43,104,3,0,-2,-4,2,攻撃,4,聴覚保護,-2,スタミナ,2,火耐性,2,,,怪鳥の地獄耳,1,怪鳥の堅殻,2,怪鳥の翼膜,2,ランポスの上皮,4
クックＳレギンス,0,2,4,1,4,99,21,62,4,1,-1,-3,3,攻撃,4,聴覚保護,-2,スタミナ,2,火耐性,2,,,怪鳥の地獄耳,1,怪鳥の堅殻,2,怪鳥の翼膜,2,ランポスの上皮,4
クックＵグリーヴ,0,1,5,2,4,99,47,106,3,-4,-3,0,2,達人,2,火属性攻撃,2,水耐性,-2,,,,,青怪鳥の堅殻,2,怪鳥の地獄耳,1,怪鳥の翼膜,2,ランポスの上皮,4
クックＵレギンス,0,2,5,2,4,99,23,62,4,-3,-2,1,3,達人,2,火属性攻撃,2,水耐性,-2,,,,,青怪鳥の堅殻,2,怪鳥の地獄耳,1,怪鳥の翼膜,2,ランポスの上皮,4
オウビートガンバ,1,1,5,1,5,99,43,104,3,-5,3,-4,2,採取,2,回避性能,2,特殊攻撃,2,耐寒,-2,,,オオツノアゲハ,1,マレコガネ,1,モンスターの濃汁,3,凍結袋,2
オウビートフェムル,1,2,5,1,5,99,21,62,4,-4,5,-3,2,採取,2,回避性能,2,特殊攻撃,2,耐寒,-2,,,オオツノアゲハ,1,マレコガネ,1,モンスターの濃汁,3,凍結袋,2
パピメルガンバ,2,1,5,1,5,99,43,104,3,-5,3,-4,2,採取,2,回避性能,2,特殊攻撃,2,耐寒,-2,,,オオツノアゲハ,1,マレコガネ,1,モンスターの濃汁,3,凍結袋,2
パピメルフェムル,2,2,5,1,5,99,21,62,4,-4,5,-3,2,採取,2,回避性能,2,特殊攻撃,2,耐寒,-2,,,オオツノアゲハ,1,マレコガネ,1,モンスターの濃汁,3,凍結袋,2
イーオスＳグリーヴ,0,1,4,3,5,99,44,105,0,-4,-4,3,3,特殊攻撃,1,毒,2,気絶,-2,,,,,イーオスの上鱗,3,イーオスの上皮,2,強靭な鳥竜皮,3,上竜骨,3
イーオスＳレギンス,0,2,4,3,5,99,22,62,1,-3,-3,4,4,特殊攻撃,1,毒,2,気絶,-2,,,,,イーオスの上鱗,3,イーオスの上皮,2,強靭な鳥竜皮,3,上竜骨,3
ドーベルグリーヴ,0,1,6,3,4,99,47,106,-2,0,0,0,3,龍属性攻撃,1,気力回復,1,腹減り,-2,耐震,1,,,いにしえの龍骨,3,徹甲虫の尖角,2,堅牢な骨,5,大きな骨,10
ドーベルレギンス,0,2,6,3,4,99,24,62,-1,1,1,1,4,装填速度,1,龍属性攻撃,1,気力回復,1,腹減り,-2,,,いにしえの龍骨,3,徹甲虫の尖角,2,堅牢な骨,5,大きな骨,10
ウルクＳグリーヴ,0,1,4,1,5,99,45,106,-3,2,-1,2,2,回避距離,2,効果持続,1,耐暑,-2,耐寒,1,,,白兎獣の剛毛,3,白兎獣の堅腹甲,3,白兎獣の凍爪,1,肉厚な上皮,4
ウルクＳレギンス,0,2,4,1,5,99,22,62,-2,3,0,3,3,回避距離,2,効果持続,1,耐暑,-2,耐寒,1,,,白兎獣の剛毛,3,白兎獣の堅腹甲,3,白兎獣の凍爪,1,肉厚な上皮,4
ホークブーツ,1,1,6,1,5,99,45,106,2,-1,1,0,2,狩人,2,指揮,3,腹減り,-3,,,,,旅団チケット,2,高級お食事券,2,エビの尾扇,3,天空の結晶,3
ホークフット,1,2,6,1,5,99,23,62,3,0,2,1,3,狩人,2,指揮,3,腹減り,-3,,,,,旅団チケット,2,高級お食事券,2,エビの尾扇,3,天空の結晶,3
エコールブーツ,2,1,6,1,5,99,45,106,2,-1,1,0,2,狩人,2,指揮,3,腹減り,-3,,,,,旅団チケット,2,高級お食事券,2,エビの尾扇,3,天空の結晶,3
エコールフット,2,2,6,1,5,99,23,62,3,0,2,1,3,狩人,2,指揮,3,腹減り,-3,,,,,旅団チケット,2,高級お食事券,2,エビの尾扇,3,天空の結晶,3
ゲリョスＳグリーヴ,0,1,5,1,4,99,47,106,-5,2,3,-2,0,達人,2,スタミナ,4,腹減り,-2,毒,1,,,ゴム質の上皮,4,モンスターの濃汁,2,大地の結晶,5,ゲネポスの上皮,5
ゲリョスＳレギンス,0,2,5,1,4,99,23,62,-4,3,4,-1,1,達人,2,スタミナ,4,腹減り,-2,毒,1,,,ゴム質の上皮,4,モンスターの濃汁,2,大地の結晶,5,ゲネポスの上皮,5
ゲリョスＵグリーヴ,0,1,6,0,4,99,48,107,-5,2,3,-2,0,達人,-1,風圧,3,気絶,2,,,,,ゴム質の紫皮,3,モンスターの濃汁,2,大地の結晶,5,ゲネポスの上皮,5
ゲリョスＵレギンス,0,2,6,0,4,99,24,62,-4,3,4,-1,1,達人,-1,風圧,3,気絶,2,,,,,ゴム質の紫皮,3,モンスターの濃汁,2,大地の結晶,5,ゲネポスの上皮,5
ラングログリーヴ,0,1,4,0,5,99,47,106,1,-3,0,-1,1,胴系統倍化,1,,,,,,,,,赤甲獣の堅殻,2,魅惑色の翼膜,3,ユニオン鉱石,2,,
ラングロレギンス,0,2,4,0,5,99,24,63,2,-2,1,0,2,胴系統倍化,1,,,,,,,,,赤甲獣の堅殻,2,魅惑色の翼膜,3,ユニオン鉱石,2,,
カブラＳグリーヴ,0,1,5,0,4,99,48,107,3,-5,-4,0,2,胴系統倍化,1,,,,,,,,,鬼蛙の尖爪,2,鬼蛙の堅殻,3,鬼蛙の上鱗,3,堅牢な骨,2
カブラＳレギンス,0,2,5,0,4,99,24,62,4,-4,-3,1,3,胴系統倍化,1,,,,,,,,,鬼蛙の尖爪,2,鬼蛙の堅殻,3,鬼蛙の上鱗,3,堅牢な骨,2
スキュラＳグリーヴ,0,1,5,2,4,99,48,107,-3,3,-3,2,3,達人,2,観察眼,2,腹減り,-3,毒,2,,,影蜘蛛の堅殻,3,睡眠袋,4,ゴム質の上皮,2,盾虫の堅殻,5
スキュラＳレギンス,0,2,5,2,4,99,24,62,-2,4,-2,3,4,達人,2,観察眼,2,腹減り,-3,毒,2,,,影蜘蛛の堅殻,3,睡眠袋,4,ゴム質の上皮,2,盾虫の堅殻,5
フルフルＳグリーヴ,0,1,5,1,5,99,50,107,-5,1,1,2,1,雷属性攻撃,3,広域,2,回復速度,3,気絶,-1,,,真珠色の柔皮,3,カブレライト鉱石,3,ドスヘラクレス,4,生命の粉塵,3
フルフルＳレギンス,0,2,5,1,5,99,25,63,-4,2,2,3,2,雷属性攻撃,3,広域,2,回復速度,3,気絶,-1,,,真珠色の柔皮,3,カブレライト鉱石,3,ドスヘラクレス,4,生命の粉塵,3
フルフルＵグリーヴ,0,1,6,2,5,99,51,108,1,-5,1,2,1,回復量,2,広域,2,回復速度,-2,,,,,魅惑色の柔皮,2,魅惑色の翼膜,2,モンスターの濃汁,2,マレコガネ,3
フルフルＵレギンス,0,2,6,2,5,99,26,63,2,-4,2,3,2,回復量,2,広域,2,回復速度,-2,,,,,魅惑色の柔皮,2,魅惑色の翼膜,2,モンスターの濃汁,2,マレコガネ,3
レイアＳグリーヴ,0,1,5,1,5,99,50,107,3,0,-2,0,-4,体力,5,火属性攻撃,1,回復量,2,回復速度,-2,,,雌火竜の堅殻,4,雌火竜の上鱗,4,尖竜骨,3,ドラグライト鉱石,5
レイアＳレギンス,0,2,5,1,5,99,25,63,4,1,-1,1,-3,体力,5,火属性攻撃,1,回復量,2,回復速度,-2,,,雌火竜の堅殻,4,雌火竜の上鱗,4,尖竜骨,3,ドラグライト鉱石,5
リオハートグリーヴ,0,1,6,1,5,99,51,108,3,0,-2,0,-4,底力,2,火属性攻撃,1,風圧,4,気配,-1,,,桜火竜の堅殻,2,桜火竜の上鱗,4,尖竜骨,3,カブレライト鉱石,5
リオハートレギンス,0,2,6,1,5,99,26,63,4,1,-1,1,-3,底力,3,火属性攻撃,1,風圧,4,気配,-1,,,桜火竜の堅殻,2,桜火竜の上鱗,4,尖竜骨,3,カブレライト鉱石,5
ゴールドルナグリーヴ,0,1,7,1,7,99,81,118,2,-4,-7,0,4,運気,4,重撃,2,雷耐性,-2,加護,4,,,金火竜の堅殻,5,金火竜の上鱗,4,堅竜骨,5,古龍の血,2
ゴールドルナレギンス,0,2,7,1,7,99,41,67,3,-3,-6,1,5,運気,4,重撃,2,雷耐性,-2,加護,4,,,金火竜の堅殻,5,金火竜の上鱗,4,堅竜骨,5,古龍の血,2
EXレイアグリーヴ,0,1,7,3,8,99,50,107,3,0,-2,0,-4,頑強,1,匠,1,回復量,2,気力回復,-2,,,希望の証,1,雌火竜の堅殻,5,雌火竜の翼膜,4,獄炎石,3
EXレイアレギンス,0,2,7,3,8,99,25,63,4,1,-1,1,-3,頑強,1,装填数,1,回復量,2,気力回復,-2,,,希望の証,1,雌火竜の堅殻,5,雌火竜の翼膜,4,獄炎石,3
バサルＳグリーヴ,0,1,5,2,5,99,50,107,-1,-2,1,1,-3,納刀,1,食事,2,腹減り,-2,耐泥耐雪,3,,,岩竜の堅殻,3,カブレライト鉱石,5,猛毒袋,3,ランポスの上鱗,5
バサルＳレギンス,0,2,5,2,5,99,25,63,0,-1,2,2,-2,納刀,1,食事,2,腹減り,-2,耐泥耐雪,2,,,岩竜の堅殻,3,カブレライト鉱石,5,猛毒袋,3,ランポスの上鱗,5
バサルＵグリーヴ,0,1,6,2,5,99,53,110,0,-2,0,-3,1,ガード性能,2,耐暑,1,毒,2,麻痺,-2,,,桃岩竜の堅殻,3,カブレライト鉱石,5,ドスゲネポスの尾,2,強靭な鳥竜皮,3
バサルＵレギンス,0,2,6,2,5,99,27,63,1,-1,1,-2,2,通常弾強化,1,耐暑,1,毒,2,麻痺,-2,,,桃岩竜の堅殻,3,カブレライト鉱石,5,ドスゲネポスの尾,2,強靭な鳥竜皮,3
アーティアＳグリーヴ,0,1,5,1,5,99,51,108,0,-3,-3,2,3,属性解放,5,匠,2,ガード強化,3,,,,,太古の破片,5,獄炎石,3,さびた破片,2,ユニオン鉱石,5
アーティアＳレギンス,0,2,5,1,5,99,26,63,1,-2,-2,3,4,属性解放,3,反動,3,速射,4,,,,,太古の破片,5,獄炎石,3,さびた破片,2,ユニオン鉱石,5
ジンオウＳグリーヴ,0,1,5,0,5,99,52,109,0,-2,3,-4,1,匠,2,本気,4,斬れ味,2,雷属性攻撃,3,気配,-3,雷狼竜の堅殻,5,雷狼竜の尖爪,5,雷狼竜の高電殻,3,超電雷光虫,10
ジンオウＳレギンス,0,2,5,0,5,99,26,63,1,-1,4,-3,2,装填速度,3,本気,4,無傷,1,雷属性攻撃,3,気配,-3,雷狼竜の堅殻,5,雷狼竜の尖爪,5,雷狼竜の高電殻,3,超電雷光虫,10
ジンオウＵグリーヴ,0,1,6,1,6,99,53,110,0,-4,-5,0,4,回避性能,3,溜め短縮,1,無傷,3,龍属性攻撃,2,回復量,-2,獄狼竜の堅殻,5,獄狼竜の尖爪,5,獄狼竜の龍殻,3,蝕龍蟲,10
ジンオウＵレギンス,0,2,6,1,6,99,27,63,1,-3,-4,1,5,回避性能,2,無傷,2,装填数,1,龍属性攻撃,3,回復量,-3,獄狼竜の堅殻,5,獄狼竜の尖爪,5,獄狼竜の龍殻,3,蝕龍蟲,10
ゴアＳグリーヴ,0,1,6,0,5,99,52,109,-5,3,-3,2,-2,細菌学,3,闘魂,3,火耐性,-2,狂撃耐性,4,,,黒蝕竜の堅殻,5,黒蝕竜の上鱗,4,黒蝕竜の鋭惨爪,5,ノヴァクリスタル,1
ゴアＳレギンス,0,2,6,0,5,99,26,63,-4,4,-2,3,-1,細菌学,3,闘魂,3,火耐性,-2,狂撃耐性,4,,,黒蝕竜の堅殻,5,黒蝕竜の上鱗,4,黒蝕竜の鋭惨爪,5,ノヴァクリスタル,1
ガブルグリーヴ,0,1,5,3,5,99,52,109,-2,3,-4,0,1,達人,1,食事,1,回復速度,-2,,,,,灯魚竜の上棘,2,灯魚竜の上皮,4,化け鮫の上ヒレ,2,化け鮫の刃尾,1
ガブルレギンス,0,2,5,3,5,99,26,63,-1,4,-3,1,2,達人,1,食事,1,回復速度,-2,,,,,灯魚竜の上棘,2,灯魚竜の上皮,4,化け鮫の上ヒレ,2,化け鮫の刃尾,1
ギルドナイトブーツ,1,1,6,0,8,99,52,109,0,0,0,0,0,胴系統倍化,1,,,,,,,,,希望の証,1,岩竜の堅殻,4,怪鳥の地獄耳,2,,
ギルドナイトタイツ,1,2,6,0,8,99,26,63,1,1,1,1,1,胴系統倍化,1,,,,,,,,,希望の証,1,岩竜の堅殻,4,怪鳥の地獄耳,2,,
メイドソックス,2,1,6,0,8,99,52,109,0,0,0,0,0,胴系統倍化,1,,,,,,,,,希望の証,1,岩竜の堅殻,4,怪鳥の地獄耳,2,,
メイドタイツ,2,2,6,0,8,99,26,63,1,1,1,1,1,胴系統倍化,1,,,,,,,,,希望の証,1,岩竜の堅殻,4,怪鳥の地獄耳,2,,
城塞遊撃隊【足袋】,0,1,6,1,6,99,53,110,0,0,0,0,0,剣術,3,剥ぎ取り,3,根性,1,回復量,1,気配,-2,牙竜のコイン,2,狩猟王のコイン,3,大地の龍玉,1,,
城塞弓撃隊【足袋】,0,2,6,1,6,99,27,63,1,1,1,1,1,痛撃,3,剥ぎ取り,3,根性,1,回復量,2,気配,-1,牙竜のコイン,2,狩猟王のコイン,3,大地の龍玉,1,,
セルタスＳグリーヴ,0,1,5,1,5,99,53,110,-4,3,-1,-3,3,捕獲,4,砲術,1,斬れ味,2,気力回復,-3,,,重甲虫の鋭爪,3,重甲虫の堅胸殻,5,重甲虫の大顎,2,濃縮重甲エキス,1
セルタスＳレギンス,0,2,5,1,5,99,27,63,-3,4,0,-2,4,砲術,1,装填数,3,榴弾追加,2,気力回復,-3,,,重甲虫の鋭爪,3,重甲虫の堅胸殻,5,重甲虫の大顎,2,濃縮重甲エキス,1
ザボアＳグリーヴ,0,1,5,1,5,99,53,110,-4,3,-5,3,0,重撃,3,氷属性攻撃,2,肉食,3,腹減り,-2,,,化け鮫の上鱗,2,化け鮫の上皮,4,化け鮫の上ヒレ,2,凍結袋,3
ザボアＳレギンス,0,2,5,1,5,99,27,63,-3,4,-4,4,1,重撃,2,氷属性攻撃,1,肉食,3,腹減り,-2,,,化け鮫の上鱗,2,化け鮫の上皮,4,化け鮫の上ヒレ,2,凍結袋,3
ガララＳグリーヴ,0,1,5,0,5,99,55,110,3,-3,0,-5,3,捕獲,5,聴覚保護,2,気まぐれ,-3,麻痺,2,,,絞蛇竜の堅殻,5,絞蛇竜の上鳴甲,6,尖竜骨,3,竜骨【大】,3
ガララＳレギンス,0,2,5,0,5,99,28,64,4,-2,1,-4,4,捕獲,5,聴覚保護,2,気まぐれ,-3,麻痺,2,,,絞蛇竜の堅殻,5,絞蛇竜の上鳴甲,6,尖竜骨,3,竜骨【大】,3
レックスＳグリーヴ,0,1,5,0,5,99,55,110,2,-1,-4,0,-2,攻撃,4,研ぎ師,-2,千里眼,3,食いしん坊,3,,,轟竜の上鱗,6,轟竜の尖爪,4,轟竜の甲殻,4,盾虫の堅殻,4
レックスＳレギンス,0,2,5,0,5,99,28,64,3,0,-3,1,-1,反動,-2,攻撃,4,千里眼,3,食いしん坊,3,,,轟竜の上鱗,6,轟竜の尖爪,4,轟竜の甲殻,4,盾虫の堅殻,4
レックスＵグリーヴ,0,1,6,2,6,99,59,112,2,-4,-2,0,-1,聴覚保護,2,研ぎ師,-2,観察眼,2,食事,2,,,黒轟竜の上鱗,5,黒轟竜の尖爪,5,黒轟竜の堅殻,3,鬼蛙の堅殻,2
レックスＵレギンス,0,2,6,2,6,99,29,64,3,-3,-1,1,0,反動,-2,聴覚保護,2,観察眼,2,食事,2,,,黒轟竜の上鱗,5,黒轟竜の尖爪,5,黒轟竜の堅殻,3,鬼蛙の堅殻,2
エクスゼログリーヴ,0,1,7,2,8,99,81,118,3,-5,2,-3,1,攻撃,5,研ぎ師,-2,食事,1,,,,,大轟竜の上鱗,6,大轟竜の爆爪,4,大轟竜の堅殻,4,鎧竜の延髄,1
エクスゼロレギンス,0,2,7,2,8,99,41,67,4,-4,3,-2,2,反動,-2,攻撃,5,食事,1,,,,,大轟竜の上鱗,6,大轟竜の爆爪,4,大轟竜の堅殻,4,鎧竜の延髄,1
EXレックスグリーヴ,0,1,7,1,8,99,82,119,3,-1,-5,0,-3,一心,2,聴覚保護,3,研ぎ師,-2,千里眼,3,,,探求者の証,2,轟竜の鋭牙,5,覇竜の尻尾,2,堅竜骨,5
EXレックスレギンス,0,2,7,1,8,99,41,67,4,0,-4,1,-2,一心,2,反動,-2,聴覚保護,3,千里眼,3,,,探求者の証,2,轟竜の鋭牙,5,覇竜の尻尾,2,堅竜骨,5
ブランゴグリーヴ,0,1,5,2,5,99,55,110,-4,2,0,2,1,攻撃,2,耐暑,-2,耐寒,1,耐泥耐雪,2,,,雪獅子の剛毛,2,白兎獣の剛毛,6,堅竜骨,1,上質な毛皮,2
ブランゴレギンス,0,2,5,2,5,99,28,64,-3,3,1,3,2,攻撃,2,耐暑,-2,耐寒,1,耐泥耐雪,2,,,雪獅子の剛毛,2,白兎獣の剛毛,6,堅竜骨,1,上質な毛皮,2
クロオビグリーヴ,0,1,6,2,8,99,55,110,2,2,2,2,2,匠,2,狩人,2,腹減り,-2,,,,,金獅子の黒毛,2,撃龍王のコイン,2,飛竜のコイン,2,ガマのコイン,4
クロオビレギンス,0,2,6,2,8,99,28,64,3,3,3,3,3,装填数,2,狩人,2,腹減り,-2,,,,,金獅子の黒毛,2,撃龍王のコイン,2,飛竜のコイン,2,ガマのコイン,4
レウスＳグリーヴ,0,1,5,1,5,99,57,112,3,0,-2,0,-4,攻撃,3,火属性攻撃,3,回復量,-2,,,,,火竜の堅殻,6,火竜の延髄,2,火竜の鱗,6,紅蓮石,4
レウスＳレギンス,0,2,5,1,5,99,28,64,4,1,-1,1,-3,攻撃,3,火属性攻撃,3,回復量,-2,,,,,火竜の堅殻,6,火竜の延髄,2,火竜の鱗,6,紅蓮石,4
リオソウルグリーヴ,0,1,6,1,6,99,58,111,3,0,0,-2,-4,達人,3,体力,-2,聴覚保護,3,斬れ味,2,,,蒼火竜の堅殻,2,蒼火竜の上鱗,3,火竜の紅玉,1,獄炎石,2
リオソウルレギンス,0,2,6,0,6,99,29,64,4,1,1,-1,-3,達人,3,体力,-2,聴覚保護,3,通常弾強化,3,,,蒼火竜の堅殻,2,蒼火竜の上鱗,3,火竜の紅玉,1,獄炎石,2
シルバーソルグリーヴ,0,1,7,0,7,99,81,118,2,-7,-4,0,4,痛撃,3,斬れ味,3,火属性攻撃,4,回復量,-2,,,銀火竜の堅殻,5,銀火竜の上鱗,5,火竜の煌液,4,ノヴァクリスタル,1
シルバーソルレギンス,0,2,7,0,7,99,41,67,3,-6,-3,1,5,痛撃,2,貫通弾強化,3,火属性攻撃,5,回復量,-2,,,銀火竜の堅殻,5,銀火竜の上鱗,5,火竜の煌液,4,ノヴァクリスタル,1
EXレウスグリーヴ,0,1,7,1,8,99,57,112,3,0,-2,0,-4,剛撃,1,匠,2,底力,3,気力回復,-2,狩人,2,希望の証,1,火竜の堅殻,5,火竜の延髄,3,獄炎石,3
EXレウスレギンス,0,2,7,1,8,99,28,64,4,1,-1,1,-3,剛撃,1,底力,3,装填数,2,気力回復,-2,狩人,2,希望の証,1,火竜の堅殻,5,火竜の延髄,3,獄炎石,3
グラビドＳグリーヴ,0,1,5,2,5,99,57,112,3,-4,0,2,-3,防御,4,ガード性能,2,スタミナ,-2,,,,,鎧竜の堅殻,2,鎧竜の甲殻,4,堅竜骨,2,マレコガネ,2
グラビドＳレギンス,0,2,5,2,5,99,29,64,4,-3,1,3,-2,反動,2,防御,4,スタミナ,-2,,,,,鎧竜の堅殻,2,鎧竜の甲殻,4,堅竜骨,2,マレコガネ,2
グラビドＵグリーヴ,0,1,6,2,6,99,58,111,3,-5,1,1,1,防御,2,ガード強化,2,スタミナ,-3,,,,,黒鎧竜の堅殻,2,鎧竜の堅殻,1,堅竜骨,3,ゴム質の上皮,3
グラビドＵレギンス,0,2,6,2,6,99,29,64,4,-4,2,2,2,防御,2,ガード強化,2,スタミナ,-3,,,,,黒鎧竜の堅殻,2,鎧竜の堅殻,1,堅竜骨,3,ゴム質の上皮,3
ベリオグリーヴ,0,1,5,1,5,99,57,112,-5,0,-1,3,0,回避性能,3,氷属性攻撃,2,体術,3,気力回復,-2,,,氷牙竜の上毛皮,5,白兎獣の凍爪,3,白兎獣の剛毛,4,,
ベリオレギンス,0,2,5,1,5,99,29,64,-4,1,0,4,1,回避性能,3,氷属性攻撃,2,体術,3,気力回復,-2,,,氷牙竜の上毛皮,5,白兎獣の凍爪,3,白兎獣の剛毛,4,,
ブラキＳグリーヴ,0,1,6,1,6,99,57,112,3,-4,0,-2,0,闘魂,3,回避性能,-2,底力,2,爆弾強化,2,回避距離,1,砕竜の堅殻,4,砕竜の堅黒曜甲,2,砕竜の剛拳,2,フルクライト鉱石,3
ブラキＳレギンス,0,2,6,1,6,99,28,64,4,-3,1,-1,1,闘魂,3,回避性能,-2,底力,2,爆弾強化,2,回避距離,1,砕竜の堅殻,4,砕竜の堅黒曜甲,2,砕竜の剛拳,2,フルクライト鉱石,3
アグナグリーヴ,0,1,6,1,6,99,59,112,3,-5,0,-1,0,ガード性能,2,底力,-2,火属性攻撃,4,燃鱗,2,,,炎戈竜の堅殻,3,砕竜の堅殻,3,イーオスの上鱗,4,,
アグナレギンス,0,2,6,1,6,99,30,64,4,-4,1,0,1,底力,-2,通常弾強化,2,精密射撃,3,火属性攻撃,1,燃鱗,2,炎戈竜の堅殻,3,砕竜の堅殻,3,イーオスの上鱗,4,,
ガルルガＳグリーヴ,0,1,5,2,6,99,60,113,3,-4,3,-4,1,達人,3,聴覚保護,1,斬れ味,2,,,,,黒狼鳥の上鱗,5,黒狼鳥の堅殻,3,黒狼鳥の翼,2,ドスヘラクレス,4
ガルルガＳレギンス,0,2,5,2,6,99,30,64,4,-3,4,-3,2,達人,3,聴覚保護,1,貫通弾強化,2,,,,,黒狼鳥の上鱗,5,黒狼鳥の堅殻,3,黒狼鳥の翼,2,ドスヘラクレス,4
ラギアグリーヴ,0,1,6,1,6,99,60,113,-5,1,3,-1,-1,属性解放,3,痛撃,2,特殊攻撃,-2,溜め短縮,3,,,海竜の高電殻,2,蒼火竜の上鱗,3,竜玉,1,,
ラギアレギンス,0,2,6,2,6,99,30,64,-4,2,4,0,0,属性解放,2,痛撃,2,特殊攻撃,-2,溜め短縮,3,,,海竜の高電殻,2,蒼火竜の上鱗,3,竜玉,1,,
キリンＳレガース,0,1,6,1,8,99,60,113,-3,-3,5,-1,3,属性解放,2,属性耐性,2,運気,-2,属性攻撃,3,,,キリンの上皮,4,キリンの雷尾,3,黒狼鳥の堅殻,6,電撃袋,3
キリンＳブーツ,0,2,6,1,8,99,30,64,-2,-2,6,0,4,属性解放,2,属性耐性,2,運気,-2,属性攻撃,2,,,キリンの上皮,4,キリンの雷尾,3,黒狼鳥の堅殻,6,電撃袋,3
キリンＵレガース,0,1,7,1,8,99,65,114,-3,-3,-1,6,3,属性耐性,3,運気,-2,氷属性攻撃,3,属性攻撃,1,,,キリンの霜尾,3,キリンのたてがみ,5,古龍の血,3,桃岩竜の翼,3
キリンＵブーツ,0,2,7,1,8,99,33,65,-2,-2,0,7,4,属性耐性,3,運気,-2,氷属性攻撃,3,属性攻撃,1,,,キリンの霜尾,3,キリンのたてがみ,5,古龍の血,3,桃岩竜の翼,3
ユクモノハカマ・天,0,1,6,2,8,99,60,113,-1,0,2,0,0,匠,1,研ぎ師,1,回復量,2,加護,2,,,蛇王龍の鋼皮,3,凶星の破片,1,蛇王龍の尾鱗,3,,
ユクモノハカマ・地,0,2,6,2,8,99,30,64,0,1,3,1,1,装填速度,1,装填数,1,回復量,2,加護,2,,,蛇王龍の鋼皮,3,凶星の破片,1,蛇王龍の尾鱗,3,,
セイラーソックス,2,1,6,0,8,99,60,113,0,2,0,-2,0,胴系統倍化,1,,,,,,,,,希望の証,1,狩猟王のコイン,3,撃龍王のコイン,3,フルクライト鉱石,8
セイラーサンダル,2,2,6,0,8,99,30,64,1,3,1,-1,1,胴系統倍化,1,,,,,,,,,希望の証,1,狩猟王のコイン,3,撃龍王のコイン,3,フルクライト鉱石,8
バンギスグリーヴ,0,1,6,3,7,99,62,113,0,0,-4,1,-4,攻撃,1,斬れ味,3,腹減り,-2,,,,,恐暴竜の鉤爪,4,恐暴竜の黒鱗,6,恐暴竜の唾液,3,黒蝕竜の逆鱗,1
バンギスレギンス,0,2,6,3,7,99,31,64,1,1,-3,2,-3,反動,2,攻撃,1,食事,1,腹減り,-2,,,恐暴竜の鉤爪,4,恐暴竜の黒鱗,6,恐暴竜の唾液,3,黒蝕竜の逆鱗,1
グリードグリーヴ,0,1,7,3,7,99,64,113,-1,-1,-3,-1,-1,強欲,2,攻撃,1,食事,1,腹減り,-2,,,歴戦の漆黒皮,2,恐暴竜の黒鱗,6,恐暴竜の鉤爪,4,古龍の血,1
グリードレギンス,0,2,7,3,7,99,32,64,0,0,-2,0,0,強欲,2,攻撃,2,食事,1,腹減り,-2,,,歴戦の漆黒皮,2,恐暴竜の黒鱗,6,恐暴竜の鉤爪,4,古龍の血,1
残陽・覇【具足】,1,1,7,0,7,99,64,113,3,2,-4,3,-4,抜刀会心,3,不動,3,達人,2,底力,-3,,,豪山龍の上紅鱗,5,豪山龍の堅岩殻,6,大地の龍玉,1,勇気の証Ｇ,1
東雲・覇【袴】,1,2,7,0,7,99,32,64,4,3,-3,4,-3,装填速度,-3,速射,3,不動,3,貫通弾強化,3,,,豪山龍の上紅鱗,5,豪山龍の堅岩殻,6,大地の龍玉,1,勇気の証Ｇ,1
常磐・覇【具足】,2,1,7,0,7,99,64,113,3,2,-4,3,-4,抜刀会心,3,不動,3,達人,2,底力,-3,,,豪山龍の上紅鱗,5,豪山龍の堅岩殻,6,大地の龍玉,1,勇気の証Ｇ,1
八千代・覇【袴】,2,2,7,0,7,99,32,64,4,3,-3,4,-3,装填速度,-3,速射,3,不動,3,貫通弾強化,3,,,豪山龍の上紅鱗,5,豪山龍の堅岩殻,6,大地の龍玉,1,勇気の証Ｇ,1
大和【具足】,1,1,7,0,8,99,67,114,3,1,0,-4,-4,防御,3,達人,5,底力,-2,溜め短縮,3,,,希望の証,1,豪山龍の上紅鱗,5,豪山龍の堅岩殻,6,大地の龍玉,1
陸奥【具足】,1,2,7,0,8,99,34,65,4,2,1,-3,-3,装填速度,-2,反動,3,防御,4,貫通弾強化,3,,,希望の証,1,豪山龍の上紅鱗,5,豪山龍の堅岩殻,6,大地の龍玉,1
日向【袴】,2,1,7,0,8,99,67,114,3,1,0,-4,-4,防御,3,達人,5,底力,-2,溜め短縮,3,,,希望の証,1,豪山龍の上紅鱗,5,豪山龍の堅岩殻,6,大地の龍玉,1
天城【袴】,2,2,7,0,8,99,34,65,4,2,1,-3,-3,装填速度,-2,反動,3,防御,4,貫通弾強化,3,,,希望の証,1,豪山龍の上紅鱗,5,豪山龍の堅岩殻,6,大地の龍玉,1
アークＳグリーヴ,1,1,7,2,7,99,65,114,-4,4,0,3,-6,回避術,1,本気,3,火耐性,-2,狂撃耐性,1,,,天廻龍の堅殻,5,天廻龍の上鱗,4,天廻龍の鋭浄爪,5,堅竜骨,6
アークＳレギンス,1,2,7,2,7,99,33,65,-3,5,1,4,-5,回避術,1,本気,3,火耐性,-2,狂撃耐性,1,,,天廻龍の堅殻,5,天廻龍の上鱗,4,天廻龍の鋭浄爪,5,堅竜骨,6
フィリアＳグリーヴ,2,1,7,2,7,99,65,114,-4,4,0,3,-6,回避術,1,本気,3,火耐性,-2,狂撃耐性,1,,,天廻龍の堅殻,5,天廻龍の上鱗,4,天廻龍の鋭浄爪,5,堅竜骨,6
フィリアＳレギンス,2,2,7,2,7,99,33,65,-3,5,1,4,-5,回避術,1,本気,3,火耐性,-2,狂撃耐性,1,,,天廻龍の堅殻,5,天廻龍の上鱗,4,天廻龍の鋭浄爪,5,堅竜骨,6
金色ノ袴,0,1,7,1,7,99,65,114,2,1,3,-6,2,匠,1,本気,1,闘魂,2,スタミナ,-2,,,金獅子の尖角,2,金獅子の黒毛,2,翼蛇竜の上皮,2,鋼の龍鱗,2
黒子ノ足袋,0,2,7,1,7,99,33,65,3,2,4,-5,3,装填速度,1,本気,1,闘魂,2,スタミナ,-1,,,金獅子の尖角,2,金獅子の黒毛,2,翼蛇竜の上皮,2,鋼の龍鱗,2
怒天ノ袴,0,1,7,1,7,99,81,118,2,1,4,-7,2,匠,1,本気,2,闘魂,3,スタミナ,-2,,,金獅子の怒髪,3,金獅子の尖角,2,金獅子の黒毛,4,金火竜の上鱗,2
心滅ノ足袋,0,2,7,1,7,99,41,67,3,2,5,-6,3,装填速度,1,本気,2,闘魂,3,スタミナ,-2,,,金獅子の怒髪,3,金獅子の尖角,2,金獅子の黒毛,4,金火竜の上鱗,2
アカムトケマル,0,1,7,0,7,99,65,114,4,0,-3,2,-5,匠,3,達人,3,聴覚保護,1,斬れ味,-3,,,覇竜の上鱗,5,覇竜の剛爪,5,覇竜の堅殻,5,砕竜の宝玉,1
アカムトチキル,0,2,7,0,7,99,33,65,5,1,-2,3,-4,装填速度,-3,達人,3,聴覚保護,1,装填数,3,,,覇竜の上鱗,5,覇竜の剛爪,5,覇竜の堅殻,5,砕竜の宝玉,1
ウカムルケマル,0,1,7,1,8,99,67,114,-5,0,-3,4,-2,刀匠,1,達人,-2,底力,2,耐泥耐雪,4,,,崩竜の堅殻,4,崩竜の削顎,2,鋼龍の宝玉,1,,
ウカムルチキル,0,2,7,1,8,99,34,65,-4,1,-2,5,-1,射手,1,達人,-2,底力,2,耐泥耐雪,4,,,崩竜の堅殻,4,崩竜の削顎,2,鋼龍の宝玉,1,,
カイザーグリーヴ,0,1,7,0,7,99,68,115,4,-6,1,-2,-2,細菌学,5,剣術,1,匠,2,耐寒,-3,,,炎王龍の堅殻,6,炎龍の塵粉,2,炎龍の翼膜,3,古龍の血,3
カイザーレギンス,0,2,7,0,7,99,34,65,5,-5,2,-1,-1,細菌学,5,装填速度,2,装填数,1,耐寒,-2,,,炎王龍の堅殻,6,炎龍の塵粉,2,炎龍の翼膜,3,古龍の血,3
EXカイザーグリーヴ,0,1,7,0,8,99,82,119,5,-7,2,-2,-4,属性解放,3,剣術,2,達人,3,耐寒,-2,,,炎王龍チケット,2,炎王龍の尻尾,3,蛇王龍の鋼皮,4,古龍骨,3
EXカイザーレギンス,0,2,7,0,8,99,41,67,6,-6,3,-1,-3,属性解放,3,装填速度,2,達人,3,耐寒,-2,,,炎王龍チケット,2,炎王龍の尻尾,3,蛇王龍の鋼皮,4,古龍骨,3
エンプレスグリーヴ,0,1,7,2,7,99,68,115,4,-2,1,-6,-2,属性解放,1,達人,2,ガード性能,3,耐寒,-1,,,炎妃龍の堅殻,4,炎龍の塵粉,2,炎龍の尖爪,3,古龍の血,2
エンプレスレギンス,0,2,7,2,7,99,34,65,5,-1,2,-5,-1,属性解放,1,達人,2,ガード強化,3,耐寒,-1,,,炎妃龍の堅殻,4,炎龍の塵粉,2,炎龍の尖爪,3,古龍の血,2
クシャナペイル,0,1,7,2,7,99,68,115,-2,2,-5,5,-6,属性解放,1,溜め短縮,2,耐暑,3,毒,-2,,,鋼龍の堅殻,6,鋼の龍鱗,4,鋼龍の尖爪,1,ユニオン鉱石,3
クシャナハディ,0,2,7,2,7,99,34,65,-1,3,-4,6,-5,属性解放,1,溜め短縮,2,耐暑,3,毒,-2,,,鋼龍の堅殻,6,鋼の龍鱗,4,鋼龍の尖爪,1,ユニオン鉱石,3
EXクシャナペイル,0,1,7,1,8,99,82,119,-3,3,-6,6,-7,匠,2,溜め短縮,2,耐暑,3,毒,-2,,,鋼龍チケット,2,鋼龍の尻尾,3,銀火竜の堅殻,5,古龍骨,3
EXクシャナハディ,0,2,7,1,8,99,41,67,-2,4,-5,7,-6,溜め短縮,2,装填数,2,耐暑,3,毒,-2,,,鋼龍チケット,2,鋼龍の尻尾,3,銀火竜の堅殻,5,古龍骨,3
夜叉【御足】,0,1,7,2,8,99,68,115,2,2,0,-2,-2,剣術,2,属性耐性,2,底力,-2,加護,2,,,神龍苔,3,浮岳龍の体液,2,古龍の血,6,希望の証,1
修羅【御足】,0,2,7,2,8,99,34,65,3,4,2,-1,-1,属性耐性,2,底力,-2,装填数,2,加護,2,,,神龍苔,3,浮岳龍の体液,2,古龍の血,6,希望の証,1
リベリオングリーヴ,0,1,7,1,8,99,69,116,3,3,-2,-2,-3,怒,1,回避術,2,攻撃,-2,,,,,蛇王龍の尾鱗,4,蛇王龍の鉤爪,4,天剣の龍玉,1,金火竜の堅殻,8
ライオットレギンス,0,2,7,1,8,99,35,65,4,4,-1,-1,-2,怒,1,回避術,2,攻撃,-2,,,,,蛇王龍の尾鱗,4,蛇王龍の鉤爪,4,天剣の龍玉,1,金火竜の堅殻,8
ミヅハ【具足】,0,1,7,2,8,99,69,116,-4,3,0,4,-1,聴覚保護,3,風圧,4,耐暑,-1,,,,,霞龍の上皮,2,真珠色の柔皮,2,ユニオン鉱石,5,希望の証,1
トヨタマ【具足】,0,2,7,2,8,99,35,65,-3,4,1,5,0,聴覚保護,3,風圧,4,耐暑,-1,,,,,霞龍の上皮,2,真珠色の柔皮,2,ユニオン鉱石,5,希望の証,1
忍の足袋・天,0,1,7,2,8,99,81,118,2,-6,4,-3,2,防御,-2,回避性能,2,属性攻撃,2,,,,,希望の証Ｇ,1,勇気の証Ｇ,1,いにしえの龍骨,3,金火竜の上鱗,5
忍の足袋・地,0,2,7,2,8,99,41,67,3,-5,5,-2,3,防御,-2,回避性能,2,属性攻撃,2,,,,,希望の証Ｇ,1,勇気の証Ｇ,1,いにしえの龍骨,3,金火竜の上鱗,5
金剛【具足】,0,1,7,1,8,99,82,119,-2,3,2,2,-2,運気,2,ガード性能,4,火耐性,-2,耐震,2,,,砦蟹の鋏,1,鋼の龍鱗,2,マレコガネ,3,,
不動【具足】,0,2,7,1,8,99,41,67,0,5,3,3,-1,反動,4,運気,2,火耐性,-2,耐震,2,,,砦蟹の鋏,1,鋼の龍鱗,2,マレコガネ,3,,
ドラゴンフット,0,1,7,1,8,99,84,119,-3,2,2,-1,-6,痛撃,2,達人,-2,斬れ味,3,,,,,黒龍の鱗,4,黒龍の甲殻,3,黒龍の翼膜,1,雌火竜の逆鱗,3
ドラゴンレグス,0,2,7,1,8,99,42,67,-2,3,3,0,-5,痛撃,2,達人,-2,貫通弾強化,3,,,,,黒龍の鱗,4,黒龍の甲殻,3,黒龍の翼膜,1,雌火竜の逆鱗,3
ヘリオスグリーヴ,1,1,7,2,8,99,84,119,0,3,-2,1,-5,聴覚保護,1,重撃,2,水属性攻撃,3,加護,-2,,,大海龍の甲皮,2,湾曲した龍角,1,雌火竜の紅玉,1,,
ヘリオスレギンス,1,2,7,2,8,99,42,67,1,4,-1,2,-4,聴覚保護,1,重撃,2,水属性攻撃,3,加護,-2,,,大海龍の甲皮,2,湾曲した龍角,1,雌火竜の紅玉,1,,
セレネグリーヴ,2,1,7,2,8,99,84,119,0,3,-2,1,-5,聴覚保護,1,重撃,2,水属性攻撃,3,加護,-2,,,大海龍の甲皮,2,湾曲した龍角,1,雌火竜の紅玉,1,,
セレネレギンス,2,2,7,2,8,99,42,67,1,4,-1,2,-4,聴覚保護,1,重撃,2,水属性攻撃,3,加護,-2,,,大海龍の甲皮,2,湾曲した龍角,1,雌火竜の紅玉,1,,
エスカドラスケル,0,1,7,0,8,99,86,121,3,-2,-3,-3,-2,本気,2,属性耐性,3,回避距離,3,属性攻撃,1,気絶,-3,煌黒龍の逆鱗,4,煌黒龍の翼膜,1,天廻龍の光玉,1,,
エスカドラスクレ,0,2,7,0,8,99,43,68,4,-1,-2,-2,-1,本気,2,属性耐性,3,回避距離,3,属性攻撃,1,気絶,-3,煌黒龍の逆鱗,4,煌黒龍の翼膜,1,天廻龍の光玉,1,,
三眼の足輪,0,0,5,3,4,99,18,61,-3,0,0,3,1,,,,,,,,,,,カブレライト鉱石,3,ノヴァクリスタル,2,,,,
EXキリンＵレガース,0,1,7,1,7,99,1,116,0,0,1,6,3,状態耐性,2,属性耐性,3,運気,-2,属性攻撃,3,,,幻獣チケット,1,キリンの上皮,5,黒狼鳥の地獄耳,4,ギルドチケットＧ,2
EXキリンＵブーツ,0,2,7,1,7,99,1,66,1,1,2,7,4,状態耐性,2,属性耐性,3,運気,-2,属性攻撃,3,,,幻獣チケット,1,キリンの上皮,5,黒狼鳥の地獄耳,4,ギルドチケットＧ,2
キャプテンＪブーツ,0,1,7,0,4,99,26,99,-3,-3,-3,-3,-3,剥ぎ取り,3,運気,2,捕獲,3,加護,-3,,,海賊Ｊチケット,1,獄狼竜の龍毛,4,獄狼竜の尻尾,3,狂竜結晶,2
キャプテンＪパンツ,0,2,7,0,4,99,13,57,-2,-2,-2,-2,-2,剥ぎ取り,3,運気,2,捕獲,3,加護,-3,,,海賊Ｊチケット,1,獄狼竜の龍毛,4,獄狼竜の尻尾,3,狂竜結晶,2
EXインゴットグリーヴ,0,1,7,1,4,99,41,102,-2,-2,2,0,0,砲術,4,ガード強化,1,納刀,2,気まぐれ,-3,,,蛇と蛙チケット,1,フルクライト鉱石,24,絞蛇竜の延髄,4,ギルドチケットＳ,1
EXインゴットレギンス,0,2,7,1,4,99,21,62,-1,-1,3,1,1,反動,3,砲術,3,散弾強化,3,気まぐれ,-3,,,蛇と蛙チケット,1,フルクライト鉱石,24,絞蛇竜の延髄,4,ギルドチケットＳ,1
伝説Ｊブーツ,0,1,7,1,4,99,44,99,-4,-4,-4,-4,-4,匠,2,剥ぎ取り,3,加護,-3,,,,,伝説Ｊの海賊帽,1,炎王龍の堅殻,3,炎王龍の尖角,2,古龍の血,1
伝説Ｊパンツ,0,2,7,1,4,99,22,57,-3,-3,-3,-3,-3,剥ぎ取り,3,装填数,2,加護,-3,,,,,伝説Ｊの海賊帽,1,炎王龍の堅殻,3,炎王龍の尖角,2,古龍の血,1
坊屋ジーンズ,0,1,7,0,4,99,44,110,1,1,1,1,1,攻撃,5,気力回復,3,気配,-3,,,,,鈴蘭最強の証,2,ギルドチケットＳ,1,強靭な鳥竜皮,3,黒蝕竜の鱗,4
坊屋デニム,0,2,7,0,4,99,22,64,2,2,2,2,2,攻撃,5,気力回復,3,気配,-3,,,,,鈴蘭最強の証,2,ギルドチケットＳ,1,強靭な鳥竜皮,3,黒蝕竜の鱗,4
ユニクロパンツ,0,1,7,2,4,99,44,112,-3,1,0,4,0,聴覚保護,2,回避距離,3,食事,-2,耐寒,2,,,ユニクロチケット,2,黒轟竜の堅殻,3,轟竜の尖爪,2,狂竜結晶の欠片,2
ユニクロタイツ,0,2,7,2,4,99,22,65,-2,2,1,5,1,聴覚保護,2,回避距離,3,食事,-2,耐寒,2,,,ユニクロチケット,2,黒轟竜の堅殻,3,轟竜の尖爪,2,狂竜結晶の欠片,2
スタールークグリーヴ,0,1,7,2,4,99,52,114,0,0,0,0,0,護石収集,4,闘魂,2,乗り,2,,,,,スタジオＧパス,1,金火竜の上鱗,4,蒼火竜の堅殻,3,火竜の紅玉,1
スタールークレギンス,0,2,7,2,4,99,26,65,1,1,1,1,1,護石収集,4,闘魂,2,乗り,2,,,,,スタジオＧパス,1,金火竜の上鱗,4,蒼火竜の堅殻,3,火竜の紅玉,1
ゾディアスグリーヴ,0,1,7,3,5,99,52,116,1,1,1,1,1,剣術,1,匠,2,乗り,-3,,,,,冥天の星くず,1,鋼龍の堅殻,3,翼蛇竜の上皮,4,ギルドチケットＧ,2
ゾディアスレギンス,0,2,7,2,5,99,26,65,2,2,2,2,2,装填数,1,精密射撃,4,乗り,-3,,,,,冥天の星くず,1,鋼龍の堅殻,3,翼蛇竜の上皮,4,ギルドチケットＧ,2
勇者の靴,0,1,7,1,5,99,52,116,2,2,2,2,2,属性解放,1,運気,2,体術,3,気配,-4,,,トライフォース,1,雷狼竜の高電殻,2,雌火竜の堅殻,3,金獅子の尖爪,2
勇者の具足,0,2,7,1,5,99,26,65,3,3,3,3,3,属性解放,1,運気,2,体術,3,気配,-4,,,トライフォース,1,雷狼竜の高電殻,2,雌火竜の堅殻,3,金獅子の尖爪,2
地上最強の袴,0,1,7,0,4,99,52,99,6,6,6,6,6,闘魂,3,底力,3,気配,-5,,,,,地上最強の証明,1,恐暴竜の黒皮,3,恐暴竜の黒鱗,2,古龍の血,1
地上最強の下衣,0,2,7,0,4,99,26,57,7,7,7,7,7,闘魂,3,底力,3,気配,-5,,,,,地上最強の証明,1,恐暴竜の黒皮,3,恐暴竜の黒鱗,2,古龍の血,1
EXアーティアグリーヴ,0,1,7,1,8,99,52,109,0,-3,-3,2,3,匠,2,抜刀会心,2,研ぎ師,-2,気力回復,3,,,金獅子チケット,1,太古の破片,8,金獅子の闘魂,1,ギルドチケットＧ,1
EXアーティアレギンス,0,2,7,1,8,99,26,63,1,-2,-2,3,4,装填速度,-2,痛撃,2,装填数,3,精密射撃,3,,,金獅子チケット,1,太古の破片,8,金獅子の闘魂,1,ギルドチケットＧ,1
EXゴアグリーヴ,0,1,7,2,8,99,58,111,-5,3,-3,2,-2,細菌学,1,回避術,1,闘魂,3,火耐性,-3,,,黒蝕竜チケット,1,天廻龍の上鱗,8,黒蝕竜の鋭惨爪,6,ギルドチケットＧ,1
EXゴアレギンス,0,2,7,2,8,99,29,64,-4,4,-2,3,-1,細菌学,1,回避術,1,闘魂,3,火耐性,-3,,,黒蝕竜チケット,1,天廻龍の上鱗,8,黒蝕竜の鋭惨爪,6,ギルドチケットＧ,1
EXリベリオングリーヴ,0,1,7,2,8,99,81,118,3,3,-2,-2,-3,怒,2,強欲,2,攻撃,-4,狂撃耐性,1,,,蛇王龍チケット,1,蛇王龍の鉤爪,6,天剣の龍玉,2,ギルドチケットＧ,2
EXライオットレギンス,0,2,7,2,8,99,41,67,4,4,-1,-1,-2,怒,2,強欲,2,攻撃,-4,狂撃耐性,1,,,蛇王龍チケット,1,蛇王龍の鉤爪,6,天剣の龍玉,2,ギルドチケットＧ,2
ミラバルフット,0,1,7,1,8,99,86,121,2,-1,1,-3,-7,怒,2,防御,-3,斬れ味,2,スタミナ,3,,,黒龍の紅鱗,6,黒龍の紅殻,6,黒龍の紅翼,2,恐暴竜の宝玉,1
ミラバルレグス,0,2,7,1,8,99,43,63,3,0,2,-2,-6,怒,2,防御,-3,スタミナ,3,通常弾強化,2,,,黒龍の紅鱗,6,黒龍の紅殻,6,黒龍の紅翼,2,恐暴竜の宝玉,1
