#名前,"性別(0=両,1=男,2=女)","タイプ(0=両方,1=剣士,2=ガンナー)",レア度,スロット数,入手時期／集☆（99=集入手不可）,入手時期／村☆（99=村入手不可）,初期防御力,最終防御力,火耐性,水耐性,雷耐性,氷耐性,龍耐性,スキル系統1,スキル値1,スキル系統2,スキル値2,スキル系統3,スキル値3,スキル系統4,スキル値4,スキル系統5,スキル値5,生産素材1,個数,生産素材2,個数,生産素材3,個数,生産素材4,個数
ブレイブベルト,0,0,1,2,1,1,1,55,2,0,0,0,1,体力,-2,回復速度,3,乗り,1,,,,,竜骨【小】,1,鉄鉱石,1,,,,
レザーベルト,0,0,1,0,1,1,1,55,-1,0,0,0,1,採取,3,運気,-1,体力,2,気まぐれ,1,,,暖かい毛皮,1,竜骨【小】,1,,,,
チェーンベルト,0,0,1,1,1,1,4,57,2,1,-2,1,0,体力,2,腹減り,4,,,,,,,鉄鉱石,1,暖かい毛皮,2,,,,
ロックラックコイル,0,0,1,2,1,2,5,57,2,-3,1,0,0,耐暑,3,運搬,4,,,,,,,鋼のたまご,1,甲虫の大顎,1,とがった牙,3,,
ハンターフォールド,0,1,1,1,1,1,6,98,0,1,-3,0,0,調合成功率,2,狩人,1,毒,-1,,,,,マカライト鉱石,2,鉄鉱石,1,のりこねバッタ,1,,
ハンターコート,0,2,1,1,1,1,3,56,1,2,-2,1,1,調合成功率,2,狩人,1,毒,-1,,,,,マカライト鉱石,2,鉄鉱石,1,のりこねバッタ,1,,
ボーンフォールド,0,1,1,1,1,2,7,99,1,0,-1,-2,0,KO,2,笛,3,,,,,,,なぞの骨,2,竜骨【小】,2,とがった牙,2,,
ボーンコート,0,2,1,1,1,2,4,57,2,1,0,-1,1,KO,2,笛,3,,,,,,,なぞの骨,2,竜骨【小】,2,とがった牙,2,,
アロイコイル,0,1,1,0,1,1,8,100,-1,1,-2,-1,0,防御,4,採取,-1,風圧,1,,,,,マカライト鉱石,2,竜骨【小】,2,鉄鉱石,3,,
アロイコート,0,2,1,0,1,1,4,57,0,2,-1,0,1,採取,-2,散弾強化,3,散弾追加,2,,,,,マカライト鉱石,2,竜骨【小】,2,鉄鉱石,3,,
リノプロコイル,0,1,2,1,1,3,8,100,1,-1,-1,-1,1,KO,2,気絶,-1,耐泥耐雪,3,,,,,草食竜の甲殻,2,草食竜の頭殻,1,大地の結晶,2,,
リノプロコート,0,2,2,1,1,3,4,57,2,0,0,0,2,KO,3,気絶,-1,耐泥耐雪,2,,,,,草食竜の甲殻,2,草食竜の頭殻,1,大地の結晶,2,,
ブナハコイル,0,1,2,0,1,2,10,102,-4,-1,2,-1,2,攻撃,-1,特殊攻撃,1,納刀,2,麻痺,4,,,飛甲虫の羽,3,飛甲虫の甲殻,2,モンスターの体液,1,光蟲,2
ブナハコート,0,2,2,0,1,2,5,57,-3,0,3,0,3,攻撃,-1,特殊攻撃,1,納刀,1,麻痺,4,,,飛甲虫の羽,3,飛甲虫の甲殻,2,モンスターの体液,1,光蟲,2
ジャギィフォールド,0,1,2,0,1,2,10,102,-2,0,0,0,1,研ぎ師,2,効果持続,-1,気絶,3,,,,,狗竜の皮,2,王者のエリマキ,1,ジャギィの皮,3,大地の結晶,1
ジャギィコート,0,2,2,0,1,2,5,57,-1,1,1,1,2,装填速度,2,効果持続,-1,気絶,2,,,,,狗竜の皮,2,王者のエリマキ,1,ジャギィの皮,3,大地の結晶,1
ゲネポスフォールド,0,1,2,1,1,3,12,102,1,1,-2,-3,2,回復速度,-2,麻痺,5,,,,,,,ゲネポスの皮,4,ゲネポスの鱗,3,鉄鉱石,2,,
ゲネポスコート,0,2,2,1,1,3,6,57,2,2,-1,-2,3,回復速度,-2,麻痺,5,,,,,,,ゲネポスの皮,4,ゲネポスの鱗,3,鉄鉱石,2,,
ランポスフォールド,0,1,2,2,1,2,13,103,0,0,0,-4,2,攻撃,2,気絶,3,,,,,,,ドスランポスの皮,2,鳴き袋,2,ランポスの皮,3,大地の結晶,2
ランポスコート,0,2,2,2,1,2,7,58,1,1,1,-3,3,攻撃,2,気絶,3,,,,,,,ドスランポスの皮,2,鳴き袋,2,ランポスの皮,3,大地の結晶,2
アシラフォールド,0,1,2,1,99,3,13,103,-2,1,0,-1,1,高速収集,2,食いしん坊,1,腹減り,-2,ハチミツ,4,,,青熊獣の毛,2,青熊獣の甲殻,1,のりこねバッタ,2,,
アシラコート,0,2,2,1,99,3,7,58,-1,2,1,0,2,高速収集,2,食いしん坊,1,腹減り,-2,ハチミツ,3,,,青熊獣の毛,2,青熊獣の甲殻,1,のりこねバッタ,2,,
ハイメタフォールド,0,1,2,2,2,4,14,102,-2,-2,3,-1,0,砲術,1,体力,2,スタミナ,-2,,,,,ドラグライト鉱石,2,マカライト鉱石,5,鉄鉱石,2,とがった牙,2
ハイメタコート,0,2,2,2,2,4,7,58,-1,-1,4,0,1,砲術,1,体力,2,スタミナ,-2,,,,,ドラグライト鉱石,2,マカライト鉱石,5,鉄鉱石,2,とがった牙,2
バトルフォールド,0,1,2,1,3,5,14,102,2,-2,-2,-1,0,攻撃,1,研ぎ師,3,,,,,,,翼蛇竜の皮,2,暖かい毛皮,2,ランポスの皮,3,大地の結晶,2
バトルコート,0,2,2,1,3,5,7,58,3,-1,-1,0,1,装填速度,3,攻撃,1,,,,,,,翼蛇竜の皮,2,暖かい毛皮,2,ランポスの皮,3,大地の結晶,2
ケチャフォールド,0,1,2,1,1,3,14,102,-3,2,-2,0,2,運気,-2,水属性攻撃,2,気まぐれ,2,,,,,奇猿狐の長骨,2,奇猿狐の耳,1,竜骨【小】,2,ツタの葉,3
ケチャコート,0,2,2,1,1,3,7,58,-2,3,-1,1,3,運気,-2,水属性攻撃,2,気まぐれ,2,,,,,奇猿狐の長骨,2,奇猿狐の耳,1,竜骨【小】,2,ツタの葉,3
ゲリョスフォールド,0,1,2,1,1,3,14,102,-4,1,2,-2,0,スタミナ,1,腹減り,-2,毒,2,,,,,毒袋,1,大地の結晶,2,ゴム質の皮,2,,
ゲリョスコート,0,2,2,1,1,3,7,58,-3,2,3,-1,1,スタミナ,1,腹減り,-2,毒,2,,,,,毒袋,1,大地の結晶,2,ゴム質の皮,2,,
コンガフォールド,0,1,2,1,2,4,14,102,-3,1,1,-1,2,細菌学,1,食いしん坊,2,腹減り,-2,,,,,桃毛獣の牙,3,桃毛獣の毛,3,徹甲虫の甲殻,1,大きな骨,2
コンガコート,0,2,2,1,2,4,7,58,-2,2,2,0,3,細菌学,1,食いしん坊,2,腹減り,-2,,,,,桃毛獣の牙,3,桃毛獣の毛,3,徹甲虫の甲殻,1,大きな骨,2
ルドロスフォールド,0,1,2,1,99,3,15,103,-3,2,-1,-1,1,スタミナ,3,水属性攻撃,1,雷耐性,-1,耐暑,2,,,海綿質の皮,3,ランポスの皮,3,竜骨【小】,2,大地の結晶,3
ルドロスコート,0,2,2,1,99,3,7,58,-2,3,0,0,2,スタミナ,2,水属性攻撃,1,雷耐性,-2,耐暑,2,,,海綿質の皮,3,ランポスの皮,3,竜骨【小】,2,大地の結晶,3
ウルクフォールド,0,1,2,1,2,4,15,103,-2,2,-1,2,2,回避距離,2,耐暑,-1,耐寒,2,,,,,白兎獣の毛,3,白兎獣の氷爪,1,大きな骨,2,キラビートル,3
ウルクコート,0,2,2,1,2,4,8,58,-1,3,0,3,3,回避距離,2,耐暑,-1,耐寒,2,,,,,白兎獣の毛,3,白兎獣の氷爪,1,大きな骨,2,キラビートル,3
イーオスフォールド,0,1,2,1,3,5,15,103,0,-3,-3,2,2,特殊攻撃,1,毒,5,気絶,-2,,,,,ドスイーオスの皮,2,竜骨【中】,3,イーオスの鱗,2,マカライト鉱石,3
イーオスコート,0,2,2,2,3,5,8,58,1,-2,-2,3,3,特殊攻撃,1,毒,4,気絶,-2,,,,,ドスイーオスの皮,2,竜骨【中】,3,イーオスの鱗,2,マカライト鉱石,3
ガブラスーツベルト,0,1,2,0,3,99,15,103,1,-2,2,1,-3,胴系統倍化,1,,,,,,,,,翼蛇竜の皮,4,上竜骨,1,モンスターの体液,3,蟲のコイン,1
ガブラスーツバンド,0,2,2,0,3,99,8,58,2,-1,3,2,-2,胴系統倍化,1,,,,,,,,,翼蛇竜の皮,4,上竜骨,1,モンスターの体液,3,蟲のコイン,1
カブラフォールド,0,1,2,0,1,3,16,104,2,-3,-2,0,1,防御,4,採取,-1,体力,1,研ぎ師,1,,,鬼蛙の鱗,3,草食竜の頭殻,2,大きな骨,3,なぞの骨,4
カブラコート,0,2,2,0,1,3,8,58,3,-2,-1,1,2,装填速度,1,防御,4,採取,-1,体力,1,,,鬼蛙の鱗,3,草食竜の頭殻,2,大きな骨,3,なぞの骨,4
クックフォールド,0,1,2,2,1,3,16,104,2,-1,-2,-3,2,攻撃,1,聴覚保護,-2,スタミナ,3,,,,,怪鳥の鱗,2,怪鳥の甲殻,3,竜骨【中】,1,,
クックコート,0,2,2,2,1,3,8,58,3,0,-1,-2,3,攻撃,1,聴覚保護,-2,スタミナ,3,,,,,怪鳥の鱗,2,怪鳥の甲殻,3,竜骨【中】,1,,
Ｋ・ロブスタコイル,0,1,4,0,99,4,16,104,-2,5,-5,2,-2,回避性能,2,回避距離,3,火耐性,-3,,,,,エビの尾扇,2,化け鮫のヒレ,1,モンスターの体液,2,徹甲虫の羽,2
Ｋ・ロブスタコート,0,2,4,0,99,4,8,58,-1,6,-4,3,-1,回避性能,2,回避距離,3,火耐性,-3,,,,,エビの尾扇,2,化け鮫のヒレ,1,モンスターの体液,2,徹甲虫の羽,2
ボロスフォールド,0,1,2,1,99,4,18,106,4,-4,1,-2,0,攻撃,2,防御,1,ガード性能,3,腹減り,-2,,,土砂竜の甲殻,2,草食竜の甲殻,2,竜骨【中】,3,,
ボロスコート,0,2,2,1,99,4,8,58,5,-3,2,-1,1,攻撃,2,防御,2,精密射撃,2,腹減り,-2,,,土砂竜の甲殻,2,草食竜の甲殻,2,竜骨【中】,3,,
インゴットコイル,0,1,3,0,3,5,18,106,-2,-2,2,0,0,ガード強化,3,納刀,2,雷属性攻撃,3,気まぐれ,-2,,,紅蓮石,1,ドラグライト鉱石,3,氷結晶,3,マカライト鉱石,5
インゴットコート,0,2,3,0,3,5,8,58,-1,-1,3,1,1,反動,3,散弾強化,2,雷属性攻撃,3,気まぐれ,-2,,,紅蓮石,1,ドラグライト鉱石,3,氷結晶,3,マカライト鉱石,5
バサルフォールド,0,1,2,2,2,3,18,106,0,-2,1,1,-3,耐暑,2,睡眠,1,,,,,,,岩竜の甲殻,4,マカライト鉱石,7,鉄鉱石,6,ゲネポスの皮,3
バサルコート,0,2,2,2,2,3,9,59,1,-1,2,2,-2,耐暑,2,睡眠,1,,,,,,,岩竜の甲殻,4,マカライト鉱石,7,鉄鉱石,6,ゲネポスの皮,3
ガーディアンコイル,1,1,4,1,2,99,18,106,0,0,0,0,0,採取,-2,運気,3,砲術,2,加護,2,,,ドラグライト鉱石,2,闘技王のコイン,3,牙獣のコイン,5,,
ガーディアンコート,1,2,4,1,2,99,9,59,1,1,1,1,1,採取,-2,運気,3,広域,2,加護,2,,,ドラグライト鉱石,2,闘技王のコイン,3,牙獣のコイン,5,,
ヘルパースカート,2,1,4,1,2,99,18,106,0,0,0,0,0,採取,-2,運気,3,砲術,2,加護,2,,,ドラグライト鉱石,2,闘技王のコイン,3,牙獣のコイン,5,,
ヘルパーフリル,2,2,4,1,2,99,9,59,1,1,1,1,1,採取,-2,運気,3,広域,2,加護,2,,,ドラグライト鉱石,2,闘技王のコイン,3,牙獣のコイン,5,,
ロワーガアンカ,1,1,4,1,3,5,18,106,-4,0,3,-1,1,属性解放,1,聴覚保護,3,龍属性攻撃,2,加護,-2,ハチミツ,2,オオクワアゲハ,2,レビテライト鉱石,1,光蟲,10,ボンバッタ,10
ロワーガコクサ,1,2,4,1,3,5,9,59,-3,1,4,0,2,属性解放,1,聴覚保護,3,龍属性攻撃,2,加護,-2,ハチミツ,2,オオクワアゲハ,2,レビテライト鉱石,1,光蟲,10,ボンバッタ,10
ファルメルアンカ,2,1,4,1,3,5,18,106,-4,0,3,-1,1,属性解放,1,聴覚保護,3,龍属性攻撃,2,加護,-2,ハチミツ,2,オオクワアゲハ,2,レビテライト鉱石,1,光蟲,10,ボンバッタ,10
ファルメルコクサ,2,2,4,1,3,5,9,59,-3,1,4,0,2,属性解放,1,聴覚保護,3,龍属性攻撃,2,加護,-2,ハチミツ,2,オオクワアゲハ,2,レビテライト鉱石,1,光蟲,10,ボンバッタ,10
マギュルオッハ,0,1,4,0,99,4,19,107,-4,1,0,2,0,重撃,1,溜め短縮,2,調合成功率,1,調合数,2,回復速度,3,ペピポパンプキン,3,キラビートル,3,ハリの実,10,ドキドキノコ,4
マギュルブラット,0,2,4,0,99,4,9,59,-3,2,1,3,1,重撃,1,溜め短縮,2,調合成功率,1,調合数,2,回復速度,3,ペピポパンプキン,3,キラビートル,3,ハリの実,10,ドキドキノコ,4
スキュラフォールド,0,1,2,1,2,4,19,107,-2,2,-2,1,2,観察眼,1,腹減り,-2,高速設置,2,睡眠,2,,,影蜘蛛の鋏角,2,影蜘蛛の爪,1,影蜘蛛の甲殻,1,竜骨【中】,3
スキュラコート,0,2,2,1,2,4,9,59,-1,3,-1,2,3,観察眼,1,腹減り,-2,高速設置,2,睡眠,2,,,影蜘蛛の鋏角,2,影蜘蛛の爪,1,影蜘蛛の甲殻,1,竜骨【中】,3
フルフルフォールド,0,1,2,2,2,4,19,107,-4,1,1,2,1,雷属性攻撃,3,回復量,2,気絶,-1,,,,,ブヨブヨした皮,2,鉄鉱石,8,ゴム質の皮,1,,
フルフルコート,0,2,2,2,2,4,10,60,-3,2,2,3,2,雷属性攻撃,3,回復量,2,気絶,-1,,,,,ブヨブヨした皮,2,鉄鉱石,8,ゴム質の皮,1,,
レイアフォールド,0,1,2,2,2,4,19,107,2,0,-2,0,-3,体力,2,火属性攻撃,2,回復速度,-2,,,,,雌火竜の翼膜,2,雌火竜の逆鱗,1,火炎袋,2,マカライト鉱石,5
レイアコート,0,2,2,2,2,4,10,60,3,1,-1,1,-2,体力,2,火属性攻撃,2,回復速度,-2,,,,,雌火竜の翼膜,2,雌火竜の逆鱗,1,火炎袋,2,マカライト鉱石,5
ザボアフォールド,0,1,2,2,2,4,20,108,-2,2,-3,2,0,氷属性攻撃,2,肉食,1,腹減り,-2,,,,,化け鮫のヒレ,1,化け鮫の鱗,2,化け鮫の鋸歯,1,化け鮫の刃尾,1
ザボアコート,0,2,2,2,2,4,10,60,-1,3,-2,3,1,氷属性攻撃,2,肉食,2,腹減り,-2,,,,,化け鮫のヒレ,1,化け鮫の鱗,2,化け鮫の鋸歯,1,化け鮫の刃尾,1
ガララフォールド,0,1,2,1,2,4,20,108,1,-2,0,-4,1,捕獲,2,聴覚保護,1,気まぐれ,-2,麻痺,2,,,絞蛇竜の甲殻,5,絞蛇竜の牙,4,絞蛇竜の皮,2,竜骨【大】,1
ガララコート,0,2,2,1,2,4,10,60,2,-1,1,-3,2,捕獲,2,聴覚保護,1,気まぐれ,-2,麻痺,2,,,絞蛇竜の甲殻,5,絞蛇竜の牙,4,絞蛇竜の皮,2,竜骨【大】,1
ギルドバードコイル,1,1,4,2,3,99,20,108,0,0,0,0,0,運気,2,広域,5,気配,-2,,,,,レビテライト鉱石,1,蟲のコイン,2,牙獣のコイン,5,闘技王のコイン,3
ギルドバードコート,1,2,4,2,3,99,10,60,1,1,1,1,1,運気,2,広域,5,気配,-2,,,,,レビテライト鉱石,1,蟲のコイン,2,牙獣のコイン,5,闘技王のコイン,3
スカラースカート,2,1,4,2,3,99,20,108,0,0,0,0,0,運気,2,広域,5,気配,-2,,,,,レビテライト鉱石,1,蟲のコイン,2,牙獣のコイン,5,闘技王のコイン,3
スカラーフリル,2,2,4,2,3,99,10,60,1,1,1,1,1,運気,2,広域,5,気配,-2,,,,,レビテライト鉱石,1,蟲のコイン,2,牙獣のコイン,5,闘技王のコイン,3
ジンオウフォールド,0,1,3,1,3,5,21,109,0,-2,2,-4,1,本気,4,雷属性攻撃,2,気配,-2,,,,,雷狼竜の甲殻,3,雷狼竜の帯電毛,2,雷狼竜の尻尾,1,徹甲虫の甲殻,3
ジンオウコート,0,2,3,1,3,5,10,60,1,-1,3,-3,2,本気,4,雷属性攻撃,1,気配,-2,,,,,雷狼竜の甲殻,3,雷狼竜の帯電毛,2,雷狼竜の尻尾,1,徹甲虫の甲殻,3
セルタスフォールド,0,1,3,2,1,2,21,109,-2,1,-3,1,2,捕獲,2,砲術,1,斬れ味,2,気力回復,-2,,,徹甲虫の甲殻,7,徹甲虫の羽,3,徹甲虫の角,2,マカライト鉱石,2
セルタスコート,0,2,3,1,1,2,10,60,-1,2,-2,2,3,砲術,1,榴弾追加,4,気力回復,-2,,,,,徹甲虫の甲殻,7,徹甲虫の羽,3,徹甲虫の角,2,マカライト鉱石,2
ハプルフォールド,0,1,2,2,99,5,21,109,2,0,-2,-4,1,納刀,2,食事,1,,,,,,,潜口竜の皮,3,鮮やかな体液,1,甲虫の腹袋,3,,
ハプルコート,0,2,2,2,99,5,10,60,3,1,-1,-3,2,納刀,1,食事,1,,,,,,,潜口竜の皮,3,鮮やかな体液,1,甲虫の腹袋,3,,
ギザミフォールド,0,1,2,2,99,5,21,109,1,2,-1,-1,0,匠,1,達人,-1,斬れ味,1,研ぎ師,3,,,鎌蟹の甲殻,2,マカライト鉱石,2,キラビートル,1,,
ギザミコート,0,2,2,0,99,5,10,60,2,3,0,0,1,防御,-1,貫通弾強化,4,貫通弾追加,1,精密射撃,3,,,鎌蟹の甲殻,2,マカライト鉱石,2,キラビートル,1,,
ゴアフォールド,0,1,3,1,3,5,21,109,-4,2,-3,1,-2,細菌学,2,匠,3,闘魂,2,火耐性,-3,,,黒蝕竜の触角,1,黒蝕竜の暗翼,2,黒蝕竜の甲殻,4,キラビートル,3
ゴアコート,0,2,3,1,3,5,11,61,-3,3,-2,2,-1,細菌学,2,闘魂,2,装填数,3,火耐性,-3,,,黒蝕竜の触角,1,黒蝕竜の暗翼,2,黒蝕竜の甲殻,4,キラビートル,3
レックスフォールド,0,1,3,1,3,5,22,110,2,-1,-4,0,-2,攻撃,3,研ぎ師,-2,食いしん坊,1,,,,,轟竜の甲殻,4,轟竜の鱗,4,上竜骨,2,狗竜の爪,3
レックスコート,0,2,3,1,3,5,11,61,3,0,-3,1,-1,反動,-2,攻撃,3,食いしん坊,1,,,,,轟竜の甲殻,4,轟竜の鱗,4,上竜骨,2,狗竜の爪,3
ブラキフォールド,0,1,3,2,3,6,22,110,2,-4,0,-2,0,闘魂,2,回避性能,-2,爆弾強化,1,,,,,砕竜の黒曜甲,2,砕竜の尻尾,1,砕竜の甲殻,4,砕竜の骨髄,1
ブラキコート,0,2,3,2,3,6,11,61,3,-3,1,-1,1,闘魂,2,回避性能,-2,爆弾強化,1,,,,,砕竜の黒曜甲,2,砕竜の尻尾,1,砕竜の甲殻,4,砕竜の骨髄,1
ナルガフォールド,0,1,3,3,99,5,22,110,-2,1,-4,1,1,回避性能,2,スタミナ,-2,回避距離,1,,,,,迅竜の黒毛,5,迅竜の刃翼,3,狗竜の爪,3,,
ナルガコート,0,2,3,3,99,5,11,61,-1,2,-3,2,2,回避性能,1,スタミナ,-2,回避距離,1,,,,,迅竜の黒毛,5,迅竜の刃翼,3,狗竜の爪,3,,
グラビドフォールド,0,1,3,0,3,5,23,111,2,-3,0,1,-2,防御,2,ガード性能,4,スタミナ,-2,,,,,鎧竜の甲殻,4,鎧竜の翼,2,上竜骨,2,イーオスの皮,3
グラビドコート,0,2,3,0,3,5,12,62,3,-2,1,2,-1,反動,4,防御,2,スタミナ,-2,,,,,鎧竜の甲殻,4,鎧竜の翼,2,上竜骨,2,イーオスの皮,3
レウスフォールド,0,1,3,1,3,5,23,111,2,0,-2,0,-3,攻撃,2,火属性攻撃,1,回復量,-2,,,,,火竜の翼膜,3,火竜の逆鱗,1,上竜骨,3,紅蓮石,1
レウスコート,0,2,3,1,3,5,12,62,3,1,-1,1,-2,攻撃,2,火属性攻撃,1,回復量,-2,,,,,火竜の翼膜,3,火竜の逆鱗,1,上竜骨,3,紅蓮石,1
ラヴァフォールド,0,1,3,0,99,6,23,111,2,-3,0,0,1,ガード性能,3,千里眼,2,回復速度,2,気配,-2,,,溶岩竜のヒレ,2,溶岩竜の鱗,2,紅蓮石,3,,
ラヴァコート,0,2,3,0,99,6,12,62,3,-2,1,1,2,反動,3,千里眼,2,回復速度,2,気配,-2,,,溶岩竜のヒレ,2,溶岩竜の鱗,2,紅蓮石,3,,
ディアブロコイル,0,1,3,0,99,6,23,111,2,0,0,-4,0,抜刀会心,2,抜刀減気,3,研ぎ師,-2,納刀,3,耐震,3,角竜の甲殻,4,上質なねじれた角,1,草食竜の頭殻,1,,
ディアブロコート,0,2,3,0,99,6,12,62,3,1,1,-3,1,装填速度,4,痛撃,3,納刀,1,貫通弾強化,2,精密射撃,-2,角竜の甲殻,4,上質なねじれた角,1,草食竜の頭殻,1,,
ガルルガフォールド,0,1,3,2,3,5,24,112,1,-3,1,-2,0,達人,2,聴覚保護,1,,,,,,,黒狼鳥の鱗,4,黒狼鳥の甲殻,5,キラビートル,2,竜骨【大】,2
ガルルガコート,0,2,3,2,3,5,12,62,2,-2,2,-1,1,達人,2,聴覚保護,1,,,,,,,黒狼鳥の鱗,4,黒狼鳥の甲殻,5,キラビートル,2,竜骨【大】,2
ガンキンフォールド,0,1,3,2,99,5,24,112,2,-4,1,-1,-2,防御,4,スタミナ,-1,減気攻撃,2,,,,,爆鎚竜の耐熱殻,2,盾虫の甲殻,3,上竜骨,2,,
ガンキンコート,0,2,3,2,99,5,12,62,3,-3,2,0,-1,防御,4,スタミナ,-1,通常弾強化,2,,,,,爆鎚竜の耐熱殻,2,盾虫の甲殻,3,上竜骨,2,,
ドボルフォールド,0,1,3,1,99,6,24,112,-4,2,1,-2,1,攻撃,2,達人,-1,回復速度,2,,,,,尾槌竜の苔甲,4,竜骨【大】,3,垂皮竜の皮,2,,
ドボルコート,0,2,3,1,99,6,12,62,-3,3,2,-1,2,攻撃,2,達人,-1,回復速度,2,,,,,尾槌竜の苔甲,4,竜骨【大】,3,垂皮竜の皮,2,,
アークフォールド,1,1,3,1,7,6,24,112,-3,3,0,1,-5,本気,2,火耐性,-3,狂撃耐性,2,,,,,天廻龍の角,1,天廻龍の虹翼,2,天廻龍の甲殻,4,ライトクリスタル,2
アークコート,1,2,3,1,7,6,12,62,-2,4,1,2,-4,本気,2,火耐性,-3,狂撃耐性,2,,,,,天廻龍の角,1,天廻龍の虹翼,2,天廻龍の甲殻,4,ライトクリスタル,2
フィリアフォールド,2,1,3,1,7,6,24,112,-3,3,0,1,-5,本気,2,火耐性,-3,狂撃耐性,2,,,,,天廻龍の角,1,天廻龍の虹翼,2,天廻龍の甲殻,4,ライトクリスタル,2
フィリアコート,2,2,3,1,7,6,12,62,-2,4,1,2,-4,本気,2,火耐性,-3,狂撃耐性,2,,,,,天廻龍の角,1,天廻龍の虹翼,2,天廻龍の甲殻,4,ライトクリスタル,2
残陽【腰当て】,1,1,3,1,4,6,26,112,2,1,-3,2,-3,抜刀減気,2,達人,2,底力,-3,スタミナ,2,,,豪山龍の腕甲,4,豪山龍の甲岩殻,6,豪山龍の紅鱗,2,火竜の逆鱗,1
東雲【腰当て】,1,2,3,1,4,6,13,62,3,2,-2,3,-2,装填速度,-3,スタミナ,2,無傷,3,貫通弾強化,1,,,豪山龍の腕甲,4,豪山龍の甲岩殻,6,豪山龍の紅鱗,2,火竜の逆鱗,1
常磐【腰当て】,2,1,3,1,4,6,26,112,2,1,-3,2,-3,抜刀減気,2,達人,2,底力,-3,スタミナ,2,,,豪山龍の腕甲,4,豪山龍の甲岩殻,6,豪山龍の紅鱗,2,火竜の逆鱗,1
八千代【腰当て】,2,2,3,1,4,6,13,62,3,2,-2,3,-2,装填速度,-3,スタミナ,2,無傷,3,貫通弾強化,1,,,豪山龍の腕甲,4,豪山龍の甲岩殻,6,豪山龍の紅鱗,2,火竜の逆鱗,1
キリンフープ,0,1,3,2,3,6,26,112,-2,-2,4,0,2,属性耐性,2,運気,-2,属性攻撃,1,,,,,キリンの皮,6,キリンのたてがみ,3,黒狼鳥の甲殻,3,電気袋,3
キリンショルト,0,2,3,2,3,6,13,62,-1,-1,5,1,3,属性耐性,2,運気,-2,属性攻撃,1,,,,,キリンの皮,6,キリンのたてがみ,3,黒狼鳥の甲殻,3,電気袋,3
暁丸【腰当て】,1,1,3,1,99,6,26,112,-2,2,0,2,-4,剣術,2,スタミナ,-1,重撃,1,加護,2,,,老山龍の甲殻,4,ドラグライト鉱石,3,鎧竜の甲殻,5,,
曙丸【腰当て】,1,2,3,2,99,6,13,62,-1,3,1,3,-3,スタミナ,-1,重撃,1,装填数,2,加護,2,,,老山龍の甲殻,4,ドラグライト鉱石,3,鎧竜の甲殻,5,,
凛【腰当て】,2,1,3,1,99,6,26,112,-2,2,0,2,-4,剣術,2,スタミナ,-1,重撃,1,加護,2,,,老山龍の甲殻,4,ドラグライト鉱石,3,鎧竜の甲殻,5,,
艶【腰当て】,2,2,3,2,99,6,13,62,-1,3,1,3,-3,スタミナ,-1,重撃,1,装填数,2,加護,2,,,老山龍の甲殻,4,ドラグライト鉱石,3,鎧竜の甲殻,5,,
スキンライトベルト,0,0,1,1,2,3,5,55,-2,2,2,2,-2,採取,4,運搬,5,,,,,,,垂皮竜の皮,5,甲虫の腹袋,3,カワズの油,3,,
アイアンベルト,0,0,1,1,2,4,8,58,4,-4,-6,-2,0,高速収集,10,,,,,,,,,ドラグライト鉱石,2,暖かい毛皮,3,盾虫の甲殻,5,,
ブルースターコイル,0,1,7,1,1,99,26,110,1,1,1,1,1,闘魂,1,水属性攻撃,3,采配,2,,,,,スタジオパス,1,ギルドチケット,2,火竜の甲殻,3,火竜の骨髄,3
ブルースターコート,0,2,7,1,1,99,13,64,2,2,2,2,2,闘魂,1,水属性攻撃,3,采配,1,,,,,スタジオパス,1,ギルドチケット,2,火竜の甲殻,3,火竜の骨髄,3
ブレイブＳフォールド,0,1,4,0,4,99,18,100,3,0,0,0,2,採取,3,体力,-2,回復速度,3,乗り,1,,,天空の結晶,2,上質な毛皮,1,ランポスの上皮,2,マカライト鉱石,6
ブレイブＳコート,0,2,4,0,4,99,9,59,4,1,1,1,3,採取,3,体力,-2,回復速度,3,乗り,1,,,天空の結晶,2,上質な毛皮,1,ランポスの上皮,2,マカライト鉱石,6
レザーＳフォールド,0,1,4,1,4,99,22,100,-2,0,0,0,2,採取,1,運気,-2,体力,3,高速収集,2,,,上質な毛皮,1,竜骨【大】,3,カブレライト鉱石,1,,
レザーＳコート,0,2,4,1,4,99,11,59,-1,1,1,1,3,採取,1,運気,-2,体力,3,高速収集,2,,,上質な毛皮,1,竜骨【大】,3,カブレライト鉱石,1,,
チェーンＳフォールド,0,1,4,1,4,99,23,101,2,2,-3,1,0,体力,1,調合成功率,1,腹減り,4,睡眠,-2,,,カブレライト鉱石,1,ドラグライト鉱石,1,大地の結晶,2,ドスヘラクレス,2
チェーンＳコート,0,2,4,1,4,99,11,59,3,3,-2,2,1,体力,1,調合成功率,1,腹減り,4,睡眠,-2,,,カブレライト鉱石,1,ドラグライト鉱石,1,大地の結晶,2,ドスヘラクレス,2
ハンターＳフォールド,0,1,4,2,4,99,26,102,0,2,-4,0,0,千里眼,3,調合成功率,1,狩人,1,毒,-1,,,上質な毛皮,2,なぞの頭骨,1,暖かい毛皮,5,ドラグライト鉱石,5
ハンターＳコート,0,2,4,2,4,99,13,59,1,3,-3,1,1,千里眼,3,調合成功率,3,狩人,1,毒,-1,,,上質な毛皮,2,なぞの頭骨,1,暖かい毛皮,5,ドラグライト鉱石,5
ボーンＳフォールド,0,1,4,0,4,99,27,103,2,0,-1,-3,0,KO,2,観察眼,2,笛,3,睡眠,-1,,,堅牢な骨,1,竜骨【中】,2,なぞの骨,10,,
ボーンＳコート,0,2,4,0,4,99,13,59,3,1,0,-2,1,KO,2,観察眼,2,笛,3,睡眠,-1,,,堅牢な骨,1,竜骨【中】,2,なぞの骨,10,,
アロイＳコイル,0,1,4,0,4,99,28,102,-1,2,-3,-2,0,防御,2,採取,-1,達人,1,風圧,1,,,カブレライト鉱石,2,レビテライト鉱石,1,ドラグライト鉱石,5,氷結晶,5
アロイＳコート,0,2,4,0,4,99,14,59,0,3,-2,-1,1,装填速度,3,採取,-1,散弾強化,1,散弾追加,2,,,カブレライト鉱石,2,レビテライト鉱石,1,ドラグライト鉱石,5,氷結晶,5
リノプロＳコイル,0,1,4,1,4,99,31,103,2,-1,-1,-1,1,砲術,3,KO,2,気絶,-2,耐泥耐雪,2,,,草食竜の堅殻,1,草食竜の頭殻,1,氷結晶,3,,
リノプロＳコート,0,2,4,1,4,99,15,60,3,0,0,0,2,砲術,3,KO,2,気絶,-2,耐泥耐雪,3,,,草食竜の堅殻,1,草食竜の頭殻,1,氷結晶,3,,
ブナハＳコイル,0,1,4,0,4,99,33,102,-5,-1,2,-1,3,攻撃,-1,特殊攻撃,1,納刀,2,麻痺,4,,,飛甲虫の堅殻,2,飛甲虫の羽,4,モンスターの濃汁,1,ドスヘラクレス,2
ブナハＳコート,0,2,4,0,4,99,16,60,-4,0,3,0,4,攻撃,-1,特殊攻撃,1,納刀,1,麻痺,4,,,飛甲虫の堅殻,2,飛甲虫の羽,4,モンスターの濃汁,1,ドスヘラクレス,2
ジャギィＳフォールド,0,1,4,0,4,99,36,103,-4,0,0,0,2,攻撃,2,研ぎ師,2,効果持続,-1,気絶,3,,,狗竜の上皮,4,王者のエリマキ,2,ジャギィの上鱗,4,ドラグライト鉱石,2
ジャギィＳコート,0,2,4,0,4,99,18,61,-3,1,1,1,3,装填速度,2,攻撃,2,効果持続,-1,気絶,2,,,狗竜の上皮,4,王者のエリマキ,2,ジャギィの上鱗,4,ドラグライト鉱石,2
ゲネポスＳフォールド,0,1,4,1,4,99,36,103,1,1,-3,-5,3,特殊攻撃,1,回復速度,-2,麻痺,5,,,,,ドスゲネポスの尾,2,ゲネポスの上鱗,4,麻痺袋,2,ドスヘラクレス,3
ゲネポスＳコート,0,2,4,1,4,99,18,61,2,2,-2,-4,4,特殊攻撃,1,回復速度,-2,麻痺,5,,,,,ドスゲネポスの尾,2,ゲネポスの上鱗,4,麻痺袋,2,ドスヘラクレス,3
ランゴフォールド,0,1,4,2,4,99,36,103,-5,-5,2,-4,2,特殊攻撃,1,毒,-2,麻痺,2,,,,,ランゴスタの薄羽,3,上質な腹袋,2,キラビートル,2,,
ランゴコート,0,2,4,2,4,99,18,61,-4,-4,3,-3,3,特殊攻撃,1,毒,-2,麻痺,2,,,,,ランゴスタの薄羽,3,上質な腹袋,2,キラビートル,2,,
ペッココイル,0,1,4,1,4,99,36,103,2,-1,0,-3,0,広域,4,笛,2,,,,,,,徹甲虫の堅殻,3,極彩色の羽根,2,へんなクチバシ,1,,
ペッココート,0,2,4,1,4,99,18,61,3,0,1,-2,1,広域,4,笛,2,,,,,,,徹甲虫の堅殻,3,極彩色の羽根,2,へんなクチバシ,1,,
コンガＳフォールド,0,1,4,1,4,99,38,103,-4,1,1,-1,3,細菌学,1,特殊攻撃,2,食いしん坊,3,腹減り,-2,,,桃毛獣の剛毛,3,桃毛獣の牙,3,強靭な鳥竜皮,2,上竜骨,2
コンガＳコート,0,2,4,1,4,99,19,61,-3,2,2,0,4,細菌学,1,特殊攻撃,2,食いしん坊,3,腹減り,-2,,,桃毛獣の剛毛,3,桃毛獣の牙,3,強靭な鳥竜皮,2,上竜骨,2
コンガＵフォールド,0,1,5,1,4,99,40,103,1,0,0,-4,3,底力,2,爆弾強化,2,腹減り,-1,,,,,緑毛獣の剛毛,3,緑毛獣の鋭牙,3,翼蛇竜の皮,4,上竜骨,2
コンガＵコート,0,2,5,1,4,99,20,61,2,1,1,-3,4,底力,2,爆弾強化,2,腹減り,-1,,,,,緑毛獣の剛毛,3,緑毛獣の鋭牙,3,翼蛇竜の皮,4,上竜骨,2
ランポスＳフォールド,0,1,4,1,4,99,38,103,0,0,0,-5,3,攻撃,3,千里眼,2,麻痺,-2,気絶,3,,,ランポスの上皮,3,鳴き袋,4,ランポスの上鱗,3,ドラグライト鉱石,2
ランポスＳコート,0,2,4,1,4,99,19,61,1,1,1,-4,4,攻撃,2,千里眼,2,麻痺,-2,気絶,3,,,ランポスの上皮,3,鳴き袋,4,ランポスの上鱗,3,ドラグライト鉱石,2
クロムメタルコイル,0,1,4,0,5,99,40,103,2,-2,0,0,0,胴系統倍化,1,,,,,,,,,堅竜骨,6,ノヴァクリスタル,1,,,,
クロムメタルコート,0,2,4,0,5,99,20,61,3,-1,1,1,1,胴系統倍化,1,,,,,,,,,堅竜骨,6,ノヴァクリスタル,1,,,,
ガレオスフォールド,0,1,4,1,4,99,40,103,-3,2,-4,2,0,千里眼,3,耐暑,3,腹減り,1,気絶,-1,,,砂竜の上鱗,2,砂竜の上ヒレ,1,ドラグライト鉱石,4,鉄鉱石,10
ガレオスコート,0,2,4,1,4,99,20,61,-2,3,-3,3,1,千里眼,3,耐暑,3,腹減り,1,気絶,-1,,,砂竜の上鱗,2,砂竜の上ヒレ,1,ドラグライト鉱石,4,鉄鉱石,10
ザザミフォールド,0,1,4,2,4,99,40,103,-3,3,-4,0,1,防御,2,ガード性能,1,雷耐性,-2,,,,,盾蟹の堅殻,3,盾蟹の尖爪,1,とがった爪,4,上竜骨,1
ザザミコート,0,2,4,2,4,99,20,61,-2,4,-3,1,2,防御,2,精密射撃,1,雷耐性,-2,,,,,盾蟹の堅殻,3,盾蟹の尖爪,1,とがった爪,4,上竜骨,1
ガブラスーツＳベルト,0,1,4,0,5,99,40,103,2,-3,3,2,-4,胴系統倍化,1,,,,,,,,,翼蛇竜の上皮,2,翼蛇竜の皮,5,火竜の翼,2,ガマのコイン,1
ガブラスーツＳバンド,0,2,4,0,5,99,20,61,3,-2,4,3,-3,胴系統倍化,1,,,,,,,,,翼蛇竜の上皮,2,翼蛇竜の皮,5,火竜の翼,2,ガマのコイン,1
ケチャＳフォールド,0,1,4,1,4,99,43,104,-5,3,-3,0,3,運気,-3,水属性攻撃,2,体術,2,気まぐれ,2,,,奇猿狐の大耳,1,奇猿狐の剛毛,4,堅牢な骨,2,キラビートル,2
ケチャＳコート,0,2,4,1,4,99,21,62,-4,4,-2,1,4,運気,-3,水属性攻撃,2,体術,2,気まぐれ,2,,,奇猿狐の大耳,1,奇猿狐の剛毛,4,堅牢な骨,2,キラビートル,2
クックＳフォールド,0,1,4,1,4,99,43,104,3,0,-2,-4,2,攻撃,3,聴覚保護,-2,スタミナ,3,火耐性,1,,,怪鳥の上鱗,2,怪鳥の堅殻,3,堅牢な骨,3,,
クックＳコート,0,2,4,1,4,99,21,62,4,1,-1,-3,3,攻撃,3,聴覚保護,-2,スタミナ,3,火耐性,1,,,怪鳥の上鱗,2,怪鳥の堅殻,3,堅牢な骨,3,,
クックＵフォールド,0,1,5,2,4,99,47,106,3,-4,-3,0,2,達人,1,火属性攻撃,3,水耐性,-2,,,,,青怪鳥の上鱗,2,青怪鳥の堅殻,3,強靭な鳥竜皮,1,上竜骨,3
クックＵコート,0,2,5,2,4,99,23,62,4,-3,-2,1,3,達人,1,火属性攻撃,3,水耐性,-2,,,,,青怪鳥の上鱗,2,青怪鳥の堅殻,3,強靭な鳥竜皮,1,上竜骨,3
オウビートアンカ,1,1,5,2,5,99,43,104,3,-5,3,-4,2,採取,2,回避性能,2,特殊攻撃,2,耐寒,-2,,,オオツノアゲハ,2,マレコガネ,2,アルビノエキス,3,ドスヘラクレス,3
オウビートコクサ,1,2,5,2,5,99,21,62,4,-4,5,-3,2,採取,2,回避性能,2,特殊攻撃,2,耐寒,-2,,,オオツノアゲハ,2,マレコガネ,2,アルビノエキス,3,ドスヘラクレス,3
パピメルアンカ,2,1,5,2,5,99,43,104,3,-5,3,-4,2,採取,2,回避性能,2,特殊攻撃,2,耐寒,-2,,,オオツノアゲハ,2,マレコガネ,2,アルビノエキス,3,ドスヘラクレス,3
パピメルコクサ,2,2,5,2,5,99,21,62,4,-4,5,-3,2,採取,2,回避性能,2,特殊攻撃,2,耐寒,-2,,,オオツノアゲハ,2,マレコガネ,2,アルビノエキス,3,ドスヘラクレス,3
イーオスＳフォールド,0,1,4,1,5,99,44,105,0,-4,-4,3,3,特殊攻撃,1,毒,5,気絶,-2,,,,,イーオスの上鱗,2,イーオスの上皮,3,ドラグライト鉱石,6,猛毒袋,2
イーオスＳコート,0,2,4,1,5,99,22,62,1,-3,-3,4,4,特殊攻撃,1,毒,4,気絶,-2,,,,,イーオスの上鱗,2,イーオスの上皮,3,ドラグライト鉱石,6,猛毒袋,2
ドーベルコイル,0,1,6,0,4,99,47,106,-2,0,0,0,3,龍属性攻撃,2,気力回復,4,腹減り,-2,耐震,3,,,いにしえの龍骨,3,桃毛獣の尖爪,3,堅牢な骨,5,竜骨【中】,10
ドーベルコート,0,2,6,0,4,99,24,62,-1,1,1,1,4,装填速度,3,龍属性攻撃,2,気力回復,4,腹減り,-2,,,いにしえの龍骨,3,桃毛獣の尖爪,3,堅牢な骨,5,竜骨【中】,10
ウルクＳフォールド,0,1,4,2,5,99,45,106,-3,2,-1,2,2,回避距離,2,効果持続,2,耐暑,-2,耐寒,2,,,白兎獣の剛毛,3,白兎獣の凍爪,2,堅牢な骨,3,ドスヘラクレス,8
ウルクＳコート,0,2,4,2,5,99,22,62,-2,3,0,3,3,回避距離,2,効果持続,2,耐暑,-2,耐寒,2,,,白兎獣の剛毛,3,白兎獣の凍爪,2,堅牢な骨,3,ドスヘラクレス,8
ホークコイル,1,1,6,2,5,99,45,106,2,-1,1,0,2,狩人,3,指揮,1,腹減り,-3,,,,,旅団チケット,1,ニャンターの証,2,ペピポパンプキン,5,天空の結晶,3
ホークコート,1,2,6,2,5,99,23,62,3,0,2,1,3,狩人,3,指揮,1,腹減り,-3,,,,,旅団チケット,1,ニャンターの証,2,ペピポパンプキン,5,天空の結晶,3
エコールスカート,2,1,6,2,5,99,45,106,2,-1,1,0,2,狩人,3,指揮,1,腹減り,-3,,,,,旅団チケット,1,ニャンターの証,2,ペピポパンプキン,5,天空の結晶,3
エコールフリル,2,2,6,2,5,99,23,62,3,0,2,1,3,狩人,3,指揮,1,腹減り,-3,,,,,旅団チケット,1,ニャンターの証,2,ペピポパンプキン,5,天空の結晶,3
ゲリョスＳフォールド,0,1,5,2,4,99,47,106,-5,2,3,-2,0,スタミナ,1,腹減り,-2,毒,2,,,,,ゴム質の上皮,4,モンスターの濃汁,2,大地の結晶,4,カブレライト鉱石,2
ゲリョスＳコート,0,2,5,2,4,99,23,62,-4,3,4,-1,1,スタミナ,1,腹減り,-2,毒,2,,,,,ゴム質の上皮,4,モンスターの濃汁,2,大地の結晶,4,カブレライト鉱石,2
ゲリョスＵフォールド,0,1,6,2,4,99,48,107,-5,2,3,-2,0,達人,-2,風圧,2,気絶,2,,,,,ゴム質の紫皮,3,毒怪鳥の紫翼,2,大地の結晶,4,上質な鳥竜骨,2
ゲリョスＵコート,0,2,6,2,4,99,24,62,-4,3,4,-1,1,達人,-2,風圧,2,気絶,2,,,,,ゴム質の紫皮,3,毒怪鳥の紫翼,2,大地の結晶,4,上質な鳥竜骨,2
ラングロフォールド,0,1,4,1,5,99,47,106,1,-3,0,-1,1,細菌学,2,回避性能,2,耐寒,-2,耐震,4,,,赤甲獣の堅殻,3,モンスターの濃汁,3,紅蓮石,2,,
ラングロコート,0,2,4,1,5,99,24,63,2,-2,1,0,2,細菌学,2,回避性能,2,耐寒,-2,耐震,4,,,赤甲獣の堅殻,3,モンスターの濃汁,3,紅蓮石,2,,
カブラＳフォールド,0,1,5,0,4,99,48,107,3,-5,-4,0,2,防御,5,採取,-2,体力,1,研ぎ師,1,,,鬼蛙の上鱗,4,草食竜の堅殻,3,堅牢な骨,2,怪力の種,9
カブラＳコート,0,2,5,0,4,99,24,62,4,-4,-3,1,3,装填速度,1,防御,5,採取,-2,体力,1,,,鬼蛙の上鱗,4,草食竜の堅殻,3,堅牢な骨,2,怪力の種,9
スキュラＳフォールド,0,1,5,1,4,99,48,107,-3,3,-3,2,3,達人,2,観察眼,1,腹減り,-3,高速設置,3,毒,1,影蜘蛛の堅殻,2,影蜘蛛の堅鋏角,3,堅牢な骨,1,飛甲虫の甲殻,4
スキュラＳコート,0,2,5,1,4,99,24,62,-2,4,-2,3,4,達人,2,観察眼,1,腹減り,-3,高速設置,3,毒,1,影蜘蛛の堅殻,2,影蜘蛛の堅鋏角,3,堅牢な骨,1,飛甲虫の甲殻,4
フルフルＳフォールド,0,1,5,2,5,99,50,107,-5,1,1,2,1,雷属性攻撃,4,広域,1,回復速度,2,気絶,-2,,,アルビノの霜降り,1,真珠色の柔皮,2,電撃袋,2,生命の粉塵,3
フルフルＳコート,0,2,5,2,5,99,25,63,-4,2,2,3,2,雷属性攻撃,4,広域,1,回復速度,2,気絶,-2,,,アルビノの霜降り,1,真珠色の柔皮,2,電撃袋,2,生命の粉塵,3
フルフルＵフォールド,0,1,6,1,5,99,51,108,1,-5,1,2,1,回復量,3,広域,1,回復速度,-2,,,,,魅惑色の柔皮,2,魅惑色の翼膜,2,上竜骨,4,生命の粉塵,3
フルフルＵコート,0,2,6,1,5,99,26,63,2,-4,2,3,2,回復量,3,広域,1,回復速度,-2,,,,,魅惑色の柔皮,2,魅惑色の翼膜,2,上竜骨,4,生命の粉塵,3
レイアＳフォールド,0,1,5,1,5,99,50,107,3,0,-2,0,-4,体力,5,火属性攻撃,3,回復量,1,回復速度,-2,,,雌火竜の上鱗,3,雌火竜の翼膜,4,雌火竜の紅玉,1,紅蓮石,2
レイアＳコート,0,2,5,1,5,99,25,63,4,1,-1,1,-3,体力,5,火属性攻撃,2,回復量,1,回復速度,-2,,,雌火竜の上鱗,3,雌火竜の翼膜,4,雌火竜の紅玉,1,紅蓮石,2
リオハートコイル,0,1,6,1,5,99,51,108,3,0,-2,0,-4,底力,2,火属性攻撃,2,風圧,4,気配,-1,,,桜火竜の上鱗,3,桜火竜の堅殻,2,爆炎袋,2,雌火竜の紅玉,1
リオハートコート,0,2,6,1,5,99,26,63,4,1,-1,1,-3,底力,2,火属性攻撃,2,風圧,4,気配,-1,,,桜火竜の上鱗,3,桜火竜の堅殻,2,爆炎袋,2,雌火竜の紅玉,1
ゴールドルナコイル,0,1,7,3,7,99,81,118,2,-4,-7,0,4,運気,3,重撃,2,雷耐性,-2,加護,1,,,金火竜の上鱗,5,雌火竜の紅玉,1,火竜の煌液,3,獄炎石,3
ゴールドルナコート,0,2,7,3,7,99,41,67,3,-3,-6,1,5,運気,3,重撃,1,雷耐性,-2,加護,1,,,金火竜の上鱗,5,雌火竜の紅玉,1,火竜の煌液,3,獄炎石,3
EXレイアフォールド,0,1,7,0,8,99,50,107,3,0,-2,0,-4,頑強,2,匠,3,回復量,4,気力回復,-3,,,希望の証,1,雌火竜の上鱗,4,雌火竜の紅玉,1,火炎袋,3
EXレイアコート,0,2,7,0,8,99,25,63,4,1,-1,1,-3,頑強,2,装填数,3,回復量,4,気力回復,-3,,,希望の証,1,雌火竜の上鱗,4,雌火竜の紅玉,1,火炎袋,3
バサルＳフォールド,0,1,5,1,5,99,50,107,-1,-2,1,1,-3,納刀,3,食事,4,腹減り,-2,耐泥耐雪,2,,,岩竜の堅殻,4,カブレライト鉱石,7,ドラグライト鉱石,8,ランポスの上鱗,3
バサルＳコート,0,2,5,1,5,99,25,63,0,-1,2,2,-2,納刀,2,食事,3,腹減り,-2,耐泥耐雪,2,,,岩竜の堅殻,4,カブレライト鉱石,7,ドラグライト鉱石,8,ランポスの上鱗,3
バサルＵフォールド,0,1,6,1,5,99,53,110,0,-2,0,-3,1,ガード性能,4,耐暑,3,毒,2,麻痺,-2,,,桃岩竜の堅殻,4,カブレライト鉱石,7,猛毒袋,3,強靭な鳥竜皮,3
バサルＵコート,0,2,6,1,5,99,27,63,1,-1,1,-2,2,通常弾強化,3,耐暑,3,毒,2,麻痺,-2,,,桃岩竜の堅殻,4,カブレライト鉱石,7,猛毒袋,3,強靭な鳥竜皮,3
アーティアＳコイル,0,1,5,2,5,99,51,108,0,-3,-3,2,3,匠,2,研ぎ師,-3,気力回復,2,,,,,太古の破片,5,獄炎石,3,さびた破片,4,カブレライト鉱石,10
アーティアＳコート,0,2,5,2,5,99,26,63,1,-2,-2,3,4,装填速度,-3,装填数,2,精密射撃,2,,,,,太古の破片,5,獄炎石,3,さびた破片,4,カブレライト鉱石,10
ジンオウＳフォールド,0,1,5,3,5,99,52,109,0,-2,3,-4,1,本気,3,斬れ味,2,雷属性攻撃,1,気配,-2,,,雷狼竜の堅殻,5,雷狼竜の高電毛,3,雷狼竜の尻尾,1,雷狼竜の逆鱗,1
ジンオウＳコート,0,2,5,3,5,99,26,63,1,-1,4,-3,2,装填速度,2,本気,3,雷属性攻撃,1,気配,-2,,,雷狼竜の堅殻,5,雷狼竜の高電毛,3,雷狼竜の尻尾,1,雷狼竜の逆鱗,1
ジンオウＵフォールド,0,1,6,0,6,99,53,110,0,-4,-5,0,4,回避性能,3,溜め短縮,3,無傷,2,龍属性攻撃,3,回復量,-2,獄狼竜の堅殻,5,獄狼竜の龍毛,4,獄狼竜の尻尾,1,垂皮竜の上皮,5
ジンオウＵコート,0,2,6,0,6,99,27,63,1,-3,-4,1,5,回避性能,3,無傷,3,装填数,3,龍属性攻撃,2,回復量,-2,獄狼竜の堅殻,5,獄狼竜の龍毛,4,獄狼竜の尻尾,1,垂皮竜の上皮,5
ゴアＳフォールド,0,1,6,1,5,99,52,109,-5,3,-3,2,-2,細菌学,3,闘魂,2,火耐性,-3,狂撃耐性,3,,,黒蝕竜の上暗翼,2,黒蝕竜の堅殻,5,黒蝕竜の逆鱗,1,黒蝕竜の尻尾,1
ゴアＳコート,0,2,6,1,5,99,26,63,-4,4,-2,3,-1,細菌学,3,闘魂,2,火耐性,-3,狂撃耐性,3,,,黒蝕竜の上暗翼,2,黒蝕竜の堅殻,5,黒蝕竜の逆鱗,1,黒蝕竜の尻尾,1
ガブルフォールド,0,1,5,2,5,99,52,109,-2,3,-4,0,1,達人,3,食事,3,回復速度,-2,,,,,灯魚竜の上皮,4,灯魚竜の上棘,1,化け鮫のヒレ,2,麻痺袋,5
ガブルコート,0,2,5,2,5,99,26,63,-1,4,-3,1,2,達人,3,食事,2,回復速度,-2,,,,,灯魚竜の上皮,4,灯魚竜の上棘,1,化け鮫のヒレ,2,麻痺袋,5
ギルドナイトコイル,1,1,6,2,8,99,52,109,0,0,0,0,0,剥ぎ取り,3,広域,4,気配,-2,,,,,希望の証,1,ランポスの尖爪,3,桃岩竜の翼,2,,
ギルドナイトスカート,1,2,6,2,8,99,26,63,1,1,1,1,1,剥ぎ取り,2,広域,4,気配,-2,,,,,希望の証,1,ランポスの尖爪,3,桃岩竜の翼,2,,
メイドスカート,2,1,6,2,8,99,52,109,0,0,0,0,0,剥ぎ取り,3,広域,4,気配,-2,,,,,希望の証,1,ランポスの尖爪,3,桃岩竜の翼,2,,
メイドフリル,2,2,6,2,8,99,26,63,1,1,1,1,1,剥ぎ取り,2,広域,4,気配,-2,,,,,希望の証,1,ランポスの尖爪,3,桃岩竜の翼,2,,
城塞遊撃隊【鎖帯】,0,1,6,2,6,99,53,110,0,0,0,0,0,属性解放,3,剥ぎ取り,2,根性,1,回復量,2,気配,-1,飛竜のコイン,3,狩猟王のコイン,3,大水袋,4,,
城塞弓撃隊【弾帯】,0,2,6,2,6,99,27,63,1,1,1,1,1,剥ぎ取り,1,回避距離,3,根性,2,回復量,2,気配,-1,飛竜のコイン,3,狩猟王のコイン,3,大水袋,4,,
セルタスＳフォールド,0,1,5,2,4,99,53,110,-3,2,-4,2,3,匠,2,砲術,1,斬れ味,2,気力回復,-3,,,徹甲虫の堅殻,5,徹甲虫の薄羽,2,徹甲虫の尖角,1,ドスヘラクレス,3
セルタスＳコート,0,2,5,1,4,99,27,63,-2,3,-3,3,4,装填速度,3,砲術,1,榴弾追加,4,気力回復,-3,,,徹甲虫の堅殻,5,徹甲虫の薄羽,2,徹甲虫の尖角,1,ドスヘラクレス,3
ザボアＳフォールド,0,1,5,2,5,99,53,110,-4,3,-5,3,0,氷属性攻撃,2,肉食,4,腹減り,-2,,,,,化け鮫の上皮,4,化け鮫の上ヒレ,2,化け鮫のヒレ,2,化け鮫の刃尾,1
ザボアＳコート,0,2,5,2,5,99,27,63,-3,4,-4,4,1,氷属性攻撃,2,肉食,4,腹減り,-2,,,,,化け鮫の上皮,4,化け鮫の上ヒレ,2,化け鮫のヒレ,2,化け鮫の刃尾,1
ガララＳフォールド,0,1,5,2,5,99,55,110,3,-3,0,-5,3,捕獲,3,聴覚保護,2,気まぐれ,-2,麻痺,2,,,絞蛇竜の上皮,6,絞蛇竜の牙,5,絞蛇竜の延髄,1,垂皮竜の上皮,3
ガララＳコート,0,2,5,2,5,99,28,64,4,-2,1,-4,4,捕獲,3,聴覚保護,2,気まぐれ,-2,麻痺,2,,,絞蛇竜の上皮,6,絞蛇竜の牙,5,絞蛇竜の延髄,1,垂皮竜の上皮,3
レックスＳフォールド,0,1,5,2,5,99,55,110,2,-1,-4,0,-2,匠,1,攻撃,3,研ぎ師,-2,食いしん坊,1,,,轟竜の堅殻,6,轟竜の上鱗,5,竜玉,1,肉厚な上皮,3
レックスＳコート,0,2,5,2,5,99,28,64,3,0,-3,1,-1,反動,-2,攻撃,3,装填数,1,食いしん坊,1,,,轟竜の堅殻,6,轟竜の上鱗,5,竜玉,1,肉厚な上皮,3
レックスＵフォールド,0,1,6,2,6,99,59,112,2,-4,-2,0,-1,聴覚保護,3,研ぎ師,-1,観察眼,1,食事,1,,,黒轟竜の堅殻,4,黒轟竜の上鱗,6,竜玉,1,イーオスの鱗,8
レックスＵコート,0,2,6,2,6,99,29,64,3,-3,-1,1,0,反動,-1,聴覚保護,3,観察眼,1,食事,1,,,黒轟竜の堅殻,4,黒轟竜の上鱗,6,竜玉,1,イーオスの鱗,8
エクスゼロコイル,0,1,7,2,8,99,81,118,3,-5,2,-3,1,一心,2,聴覚保護,3,研ぎ師,-2,食事,2,,,大轟竜の堅殻,6,大轟竜の上鱗,5,轟竜のアギト,1,火竜の延髄,1
エクスゼロコート,0,2,7,2,8,99,41,67,4,-4,3,-2,2,一心,2,反動,-2,聴覚保護,3,食事,2,,,大轟竜の堅殻,6,大轟竜の上鱗,5,轟竜のアギト,1,火竜の延髄,1
EXレックスフォールド,0,1,7,2,8,99,82,119,3,-1,-5,0,-3,匠,1,攻撃,3,研ぎ師,-2,食いしん坊,3,,,探求者の証,1,轟竜の堅殻,4,覇竜の剛爪,4,竜玉,3
EXレックスコート,0,2,7,2,8,99,41,67,4,0,-4,1,-2,反動,-2,攻撃,3,装填数,1,食いしん坊,3,,,探求者の証,1,轟竜の堅殻,4,覇竜の剛爪,4,竜玉,3
ブランゴフォールド,0,1,5,0,5,99,55,110,-4,2,0,2,1,攻撃,2,耐暑,-2,耐寒,2,耐泥耐雪,2,,,雪獅子の剛毛,4,雪獅子の髭,1,獣骨,3,キリンの皮,2
ブランゴコート,0,2,5,0,5,99,28,64,-3,3,1,3,2,攻撃,2,耐暑,-2,耐寒,2,耐泥耐雪,2,,,雪獅子の剛毛,4,雪獅子の髭,1,獣骨,3,キリンの皮,2
クロオビフォールド,0,1,6,2,8,99,55,110,2,2,2,2,2,匠,2,狩人,2,腹減り,-2,,,,,金獅子の黒毛,1,撃龍王のコイン,2,飛竜のコイン,2,牙竜のコイン,3
クロオビコート,0,2,6,2,8,99,28,64,3,3,3,3,3,装填数,2,狩人,2,腹減り,-2,,,,,金獅子の黒毛,1,撃龍王のコイン,2,飛竜のコイン,2,牙竜のコイン,3
レウスＳフォールド,0,1,5,2,5,99,57,112,3,0,-2,0,-4,攻撃,2,火属性攻撃,3,回復量,-2,,,,,火竜の堅殻,6,火竜の翼膜,4,火竜の逆鱗,1,ユニオン鉱石,2
レウスＳコート,0,2,5,2,5,99,28,64,4,1,-1,1,-3,攻撃,2,火属性攻撃,3,回復量,-2,,,,,火竜の堅殻,6,火竜の翼膜,4,火竜の逆鱗,1,ユニオン鉱石,2
リオソウルコイル,0,1,6,1,6,99,58,111,3,0,0,-2,-4,達人,3,体力,-2,聴覚保護,3,斬れ味,3,,,蒼火竜の堅殻,2,蒼火竜の上鱗,4,カブレライト鉱石,3,爆炎袋,2
リオソウルコート,0,2,6,1,6,99,29,64,4,1,1,-1,-3,達人,3,体力,-2,聴覚保護,2,通常弾強化,3,,,蒼火竜の堅殻,2,蒼火竜の上鱗,4,カブレライト鉱石,3,爆炎袋,2
シルバーソルコイル,0,1,7,2,7,99,81,118,2,-7,-4,0,4,痛撃,2,斬れ味,1,火属性攻撃,5,回復量,-3,,,銀火竜の堅殻,5,火竜の翼,3,火竜の紅玉,2,爆炎袋,3
シルバーソルコート,0,2,7,2,7,99,41,67,3,-6,-3,1,5,痛撃,2,貫通弾強化,2,火属性攻撃,3,回復量,-2,,,銀火竜の堅殻,5,火竜の翼,3,火竜の紅玉,2,爆炎袋,3
EXレウスフォールド,0,1,7,3,8,99,57,112,3,0,-2,0,-4,剛撃,1,匠,2,気力回復,-2,狩人,2,,,希望の証,1,火竜の堅殻,5,火竜の紅玉,1,獄炎石,3
EXレウスコート,0,2,7,3,8,99,28,64,4,1,-1,1,-3,剛撃,1,装填数,2,気力回復,-2,狩人,2,,,希望の証,1,火竜の堅殻,5,火竜の紅玉,1,獄炎石,3
グラビドＳフォールド,0,1,5,0,5,99,57,112,3,-4,0,2,-3,防御,4,ガード性能,4,スタミナ,-3,,,,,鎧竜の堅殻,1,鎧竜の翼,2,上竜骨,3,鎧竜の延髄,1
グラビドＳコート,0,2,5,0,5,99,29,64,4,-3,1,3,-2,反動,4,防御,4,スタミナ,-3,,,,,鎧竜の堅殻,1,鎧竜の翼,2,上竜骨,3,鎧竜の延髄,1
グラビドＵフォールド,0,1,6,1,6,99,58,111,3,-5,1,1,1,防御,4,ガード強化,2,スタミナ,-2,燃鱗,1,,,黒鎧竜の堅殻,1,鎧竜の堅殻,3,堅竜骨,1,ノヴァクリスタル,1
グラビドＵコート,0,2,6,1,6,99,29,64,4,-4,2,2,2,防御,4,ガード強化,2,スタミナ,-2,燃鱗,1,,,黒鎧竜の堅殻,1,鎧竜の堅殻,3,堅竜骨,1,ノヴァクリスタル,1
ベリオフォールド,0,1,5,0,5,99,57,112,-5,0,-1,3,0,回避性能,2,氷属性攻撃,3,体術,5,気力回復,-2,,,琥珀色の鋭牙,2,氷牙竜の上毛皮,4,竜玉,1,,
ベリオコート,0,2,5,0,5,99,29,64,-4,1,0,4,1,回避性能,2,氷属性攻撃,3,体術,4,気力回復,-2,,,琥珀色の鋭牙,2,氷牙竜の上毛皮,4,竜玉,1,,
ブラキＳフォールド,0,1,6,1,6,99,57,112,3,-4,0,-2,0,闘魂,4,回避性能,-2,底力,2,爆弾強化,1,回避距離,1,砕竜の剛拳,2,砕竜の尻尾,1,砕竜の堅殻,4,砕竜の宝玉,1
ブラキＳコート,0,2,6,1,6,99,28,64,4,-3,1,-1,1,闘魂,4,回避性能,-2,底力,1,爆弾強化,1,回避距離,1,砕竜の剛拳,2,砕竜の尻尾,1,砕竜の堅殻,4,砕竜の宝玉,1
アグナフォールド,0,1,6,1,6,99,59,112,3,-5,0,-1,0,ガード性能,3,底力,-2,火属性攻撃,3,燃鱗,2,,,炎戈竜の堅殻,2,竜玉,1,イーオスの上鱗,6,,
アグナコート,0,2,6,2,6,99,30,64,4,-4,1,0,1,底力,-2,通常弾強化,1,精密射撃,1,火属性攻撃,2,燃鱗,2,炎戈竜の堅殻,2,竜玉,1,イーオスの上鱗,6,,
ガルルガＳフォールド,0,1,5,1,6,99,60,113,3,-4,3,-4,1,達人,2,聴覚保護,1,斬れ味,3,,,,,黒狼鳥の上鱗,4,黒狼鳥の堅殻,4,爆炎袋,3,カブレライト鉱石,2
ガルルガＳコート,0,2,5,1,6,99,30,64,4,-3,4,-3,2,達人,2,聴覚保護,1,貫通弾強化,3,,,,,黒狼鳥の上鱗,4,黒狼鳥の堅殻,4,爆炎袋,3,カブレライト鉱石,2
ラギアフォールド,0,1,6,3,6,99,60,113,-5,1,3,-1,-1,痛撃,2,特殊攻撃,-2,溜め短縮,1,,,,,海竜の高電殻,1,蒼火竜の堅殻,4,火竜の逆鱗,1,,
ラギアコート,0,2,6,3,6,99,30,64,-4,2,4,0,0,痛撃,2,特殊攻撃,-2,溜め短縮,1,,,,,海竜の高電殻,1,蒼火竜の堅殻,4,火竜の逆鱗,1,,
キリンＳフープ,0,1,6,1,8,99,60,113,-3,-3,5,-1,3,属性解放,2,属性耐性,3,運気,-3,属性攻撃,2,,,キリンの上皮,5,キリンの皮,3,キリンの蒼角,2,電撃袋,3
キリンＳショルト,0,2,6,1,8,99,30,64,-2,-2,6,0,4,属性解放,2,属性耐性,2,運気,-3,属性攻撃,2,,,キリンの上皮,5,キリンの皮,3,キリンの蒼角,2,電撃袋,3
キリンＵフープ,0,1,7,1,8,99,65,114,-3,-3,-1,6,3,属性耐性,2,運気,-3,氷属性攻撃,3,属性攻撃,3,,,キリンの霜尾,2,キリンの氷角,2,キリンの上皮,8,凍結袋,3
キリンＵショルト,0,2,7,1,8,99,33,65,-2,-2,0,7,4,属性耐性,2,運気,-3,氷属性攻撃,3,属性攻撃,3,,,キリンの霜尾,2,キリンの氷角,2,キリンの上皮,8,凍結袋,3
ユクモノオビ・天,0,1,6,2,8,99,60,113,-1,0,2,0,0,匠,1,研ぎ師,2,回復量,3,加護,2,,,蛇王龍の鋼皮,3,凶星の破片,1,渦巻骨,2,,
ユクモノオビ・地,0,2,6,2,8,99,30,64,0,1,3,1,1,装填速度,2,装填数,1,回復量,3,加護,2,,,蛇王龍の鋼皮,3,凶星の破片,1,渦巻骨,2,,
セイラースカート,2,1,6,2,8,99,60,113,0,2,0,-2,0,運気,2,広域,4,気配,-2,,,,,希望の証,1,狩猟王のコイン,2,獣竜のコイン,5,カブレライト鉱石,8
セイラーフリル,2,2,6,2,8,99,30,64,1,3,1,-1,1,運気,1,広域,4,気配,-3,,,,,希望の証,1,狩猟王のコイン,2,獣竜のコイン,5,カブレライト鉱石,8
バンギスコイル,0,1,6,0,7,99,62,113,0,0,-4,1,-4,胴系統倍化,1,,,,,,,,,恐暴竜の黒皮,4,恐暴竜の宝玉,1,恐暴竜の黒鱗,6,重甲エキス,1
バンギスコート,0,2,6,0,7,99,31,64,1,1,-3,2,-3,胴系統倍化,1,,,,,,,,,恐暴竜の黒皮,4,恐暴竜の宝玉,1,恐暴竜の黒鱗,6,重甲エキス,1
グリードフォールド,0,1,7,0,7,99,64,113,-1,-1,-3,-1,-1,胴系統倍化,1,,,,,,,,,歴戦の漆黒皮,4,恐暴竜の大牙,2,恐暴竜の尻尾,2,古龍骨,2
グリードコート,0,2,7,0,7,99,32,64,0,0,-2,0,0,胴系統倍化,1,,,,,,,,,歴戦の漆黒皮,4,恐暴竜の大牙,2,恐暴竜の尻尾,2,古龍骨,2
残陽・覇【腰当て】,1,1,7,1,7,99,64,113,3,2,-4,3,-4,抜刀会心,2,不動,2,達人,3,底力,-3,,,豪山龍の上腕甲,4,豪山龍の堅岩殻,6,豪山龍の上紅鱗,5,勇気の証Ｇ,1
東雲・覇【腰当て】,1,2,7,1,7,99,32,64,4,3,-3,4,-3,装填速度,-3,速射,2,不動,2,貫通弾強化,2,,,豪山龍の上腕甲,4,豪山龍の堅岩殻,6,豪山龍の上紅鱗,5,勇気の証Ｇ,1
常磐・覇【腰当て】,2,1,7,1,7,99,64,113,3,2,-4,3,-4,抜刀会心,2,不動,2,達人,3,底力,-3,,,豪山龍の上腕甲,4,豪山龍の堅岩殻,6,豪山龍の上紅鱗,5,勇気の証Ｇ,1
八千代・覇【腰当て】,2,2,7,1,7,99,32,64,4,3,-3,4,-3,装填速度,-3,速射,2,不動,2,貫通弾強化,2,,,豪山龍の上腕甲,4,豪山龍の堅岩殻,6,豪山龍の上紅鱗,5,勇気の証Ｇ,1
大和【腰当て】,1,1,7,1,8,99,67,114,3,1,0,-4,-4,防御,4,達人,2,底力,-2,溜め短縮,2,,,希望の証,1,豪山龍の上腕甲,4,豪山龍の堅岩殻,6,豪山龍の上紅鱗,5
陸奥【腰当て】,1,2,7,1,8,99,34,65,4,2,1,-3,-3,装填速度,-2,反動,3,防御,5,貫通弾強化,1,,,希望の証,1,豪山龍の上腕甲,4,豪山龍の堅岩殻,6,豪山龍の上紅鱗,5
日向【腰当て】,2,1,7,1,8,99,67,114,3,1,0,-4,-4,防御,4,達人,2,底力,-2,溜め短縮,2,,,希望の証,1,豪山龍の上腕甲,4,豪山龍の堅岩殻,6,豪山龍の上紅鱗,5
天城【腰当て】,2,2,7,1,8,99,34,65,4,2,1,-3,-3,装填速度,-2,反動,3,防御,5,貫通弾強化,1,,,希望の証,1,豪山龍の上腕甲,4,豪山龍の堅岩殻,6,豪山龍の上紅鱗,5
アークＳフォールド,1,1,7,1,7,99,65,114,-4,4,0,3,-6,匠,2,本気,2,火耐性,-3,狂撃耐性,2,,,天廻龍の上虹翼,2,天廻龍の堅殻,5,天廻龍の逆鱗,1,天廻龍の尻尾,1
アークＳコート,1,2,7,1,7,99,33,65,-3,5,1,4,-5,本気,2,装填数,2,火耐性,-3,狂撃耐性,2,,,天廻龍の上虹翼,2,天廻龍の堅殻,5,天廻龍の逆鱗,1,天廻龍の尻尾,1
フィリアＳフォールド,2,1,7,1,7,99,65,114,-4,4,0,3,-6,匠,2,本気,2,火耐性,-3,狂撃耐性,2,,,天廻龍の上虹翼,2,天廻龍の堅殻,5,天廻龍の逆鱗,1,天廻龍の尻尾,1
フィリアＳコート,2,2,7,1,7,99,33,65,-3,5,1,4,-5,本気,2,装填数,2,火耐性,-3,狂撃耐性,2,,,天廻龍の上虹翼,2,天廻龍の堅殻,5,天廻龍の逆鱗,1,天廻龍の尻尾,1
金色ノ帯,0,1,7,1,7,99,65,114,2,1,3,-6,2,本気,4,闘魂,3,スタミナ,-1,,,,,金獅子の尖角,1,金獅子の黒毛,4,翼蛇竜の上皮,2,獄炎の龍鱗,2
黒子ノ帯,0,2,7,1,7,99,33,65,3,2,4,-5,3,本気,4,闘魂,3,スタミナ,-2,,,,,金獅子の尖角,1,金獅子の黒毛,4,翼蛇竜の上皮,2,獄炎の龍鱗,2
怒天ノ帯,0,1,7,1,7,99,81,118,2,1,4,-7,2,匠,1,本気,3,闘魂,3,スタミナ,-2,,,羅刹の金角,1,金獅子の怒髪,1,金獅子の尖爪,1,黄金の毛,3
心滅ノ帯,0,2,7,1,7,99,41,67,3,2,5,-6,3,装填速度,1,本気,3,闘魂,3,スタミナ,-2,,,羅刹の金角,1,金獅子の怒髪,1,金獅子の尖爪,1,黄金の毛,3
アカムトイッケク,0,1,7,2,7,99,65,114,4,0,-3,2,-5,匠,2,達人,2,聴覚保護,1,斬れ味,-2,,,覇竜の堅殻,5,覇竜の大牙,3,覇竜の尻尾,1,雌火竜の紅玉,1
アカムトイッケタリ,0,2,7,2,7,99,33,65,5,1,-2,3,-4,装填速度,-2,達人,2,聴覚保護,1,装填数,2,,,覇竜の堅殻,5,覇竜の大牙,3,覇竜の尻尾,1,雌火竜の紅玉,1
ウカムルイッケク,0,1,7,0,8,99,67,114,-5,0,-3,4,-2,刀匠,3,達人,-4,底力,2,耐泥耐雪,1,,,崩竜の削顎,1,崩竜の堅殻,2,竜玉,5,,
ウカムルイッケタリ,0,2,7,0,8,99,34,65,-4,1,-2,5,-1,射手,3,達人,-4,底力,2,耐泥耐雪,1,,,崩竜の削顎,1,崩竜の堅殻,2,竜玉,5,,
カイザーフォールド,0,1,7,2,7,99,68,115,4,-6,1,-2,-2,細菌学,1,属性解放,2,剣術,3,耐寒,-2,,,獄炎の龍鱗,4,炎王龍のたてがみ,4,獄炎石,2,古龍の血,3
カイザーコート,0,2,7,1,7,99,34,65,5,-5,2,-1,-1,細菌学,1,属性解放,2,装填速度,4,耐寒,-2,,,獄炎の龍鱗,4,炎王龍のたてがみ,4,獄炎石,2,古龍の血,3
EXカイザーコイル,0,1,7,0,8,99,82,119,5,-7,2,-2,-4,属性解放,3,達人,4,耐寒,-2,,,,,炎王龍チケット,1,炎王龍の堅殻,5,蛇王龍の尾鱗,4,古龍骨,3
EXカイザーコート,0,2,7,0,8,99,41,67,6,-6,3,-1,-3,属性解放,3,達人,4,耐寒,-2,,,,,炎王龍チケット,1,炎王龍の堅殻,5,蛇王龍の尾鱗,4,古龍骨,3
エンプレスフォールド,0,1,7,1,6,99,68,115,4,-2,1,-6,-2,匠,2,達人,2,ガード性能,1,火属性攻撃,2,耐寒,-2,炎妃龍のたてがみ,1,炎妃龍の堅殻,4,蒼火竜の上鱗,4,ユニオン鉱石,4
エンプレスコート,0,2,7,1,6,99,34,65,5,-1,2,-5,-1,達人,2,ガード強化,1,装填数,2,通常弾強化,2,耐寒,-2,炎妃龍のたてがみ,1,炎妃龍の堅殻,4,蒼火竜の上鱗,4,ユニオン鉱石,4
クシャナアンダ,0,1,7,3,7,99,68,115,-2,2,-5,5,-6,匠,2,溜め短縮,2,毒,-2,,,,,鋼龍の堅殻,4,鋼龍の尖爪,2,鋼龍の翼膜,2,獄炎石,1
クシャナアドミ,0,2,7,3,7,99,34,65,-1,3,-4,6,-5,溜め短縮,2,装填数,2,毒,-2,,,,,鋼龍の堅殻,4,鋼龍の尖爪,2,鋼龍の翼膜,2,獄炎石,1
EXクシャナアンダ,0,1,7,2,8,99,82,119,-3,3,-6,6,-7,斬れ味,2,溜め短縮,2,毒,-2,,,,,鋼龍チケット,1,鋼龍の翼膜,5,銀火竜の上鱗,6,古龍骨,3
EXクシャナアドミ,0,2,7,2,8,99,41,67,-2,4,-5,7,-6,溜め短縮,2,装填数,2,毒,-2,,,,,鋼龍チケット,1,鋼龍の翼膜,5,銀火竜の上鱗,6,古龍骨,3
夜叉【腰巻】,0,1,7,1,8,99,68,115,2,2,0,-2,-2,剣術,2,属性耐性,2,底力,-2,加護,3,,,神龍苔,2,神龍木,2,浮岳龍の体液,5,,
修羅【腰巻】,0,2,7,1,8,99,34,65,3,4,2,-1,-1,属性耐性,2,底力,-2,装填数,2,加護,3,,,神龍苔,2,神龍木,2,浮岳龍の体液,5,,
リベリオンコイル,0,1,7,0,8,99,69,116,3,3,-2,-2,-3,怒,3,頑強,1,攻撃,-3,,,,,蛇王龍の鋼皮,5,蛇王龍の尾鱗,4,蛇王龍の鉤爪,2,凶星の破片,6
ライオットコート,0,2,7,0,8,99,35,65,4,4,-1,-1,-2,怒,3,頑強,1,攻撃,-3,,,,,蛇王龍の鋼皮,5,蛇王龍の尾鱗,4,蛇王龍の鉤爪,2,凶星の破片,6
ミヅハ【丸帯】,0,1,7,1,8,99,69,116,-4,3,0,4,-1,属性解放,2,聴覚保護,1,風圧,4,耐暑,-3,,,霞龍の上皮,2,霞龍の尻尾,1,ノヴァクリスタル,1,,
トヨタマ【丸帯】,0,2,7,1,8,99,35,65,-3,4,1,5,0,属性解放,2,聴覚保護,1,風圧,4,耐暑,-3,,,霞龍の上皮,2,霞龍の尻尾,1,ノヴァクリスタル,1,,
忍の帯・天,0,1,7,2,8,99,81,118,2,-6,4,-3,2,防御,-2,回避性能,2,属性攻撃,2,,,,,希望の証Ｇ,1,勇気の証Ｇ,1,獄炎石,3,銀火竜の上鱗,5
忍の帯・地,0,2,7,2,8,99,41,67,3,-5,5,-2,3,防御,-2,回避性能,2,属性攻撃,2,,,,,希望の証Ｇ,1,勇気の証Ｇ,1,獄炎石,3,銀火竜の上鱗,5
金剛【腰当て】,0,1,7,1,8,99,82,119,-2,3,2,2,-2,運気,2,ガード性能,4,火耐性,-2,耐震,2,,,砦蟹の鋏,1,鋼龍の堅殻,2,マレコガネ,2,,
不動【腰当て】,0,2,7,1,8,99,41,67,0,5,3,3,-1,反動,4,運気,2,火耐性,-2,耐震,2,,,砦蟹の鋏,1,鋼龍の堅殻,2,マレコガネ,2,,
ドラゴンスパイン,0,1,7,3,8,99,84,119,-3,2,2,-1,-6,痛撃,1,達人,-3,斬れ味,1,,,,,黒龍の甲殻,4,黒龍の鱗,5,黒龍の翼膜,2,火竜の逆鱗,3
ドラゴンスケイル,0,2,7,3,8,99,42,67,-2,3,3,0,-5,痛撃,1,達人,-3,貫通弾強化,1,,,,,黒龍の甲殻,4,黒龍の鱗,5,黒龍の翼膜,2,火竜の逆鱗,3
ヘリオスコイル,1,1,7,1,8,99,84,119,0,3,-2,1,-5,聴覚保護,3,重撃,2,水属性攻撃,1,加護,-2,,,大海龍の甲皮,2,神秘の発光体,1,銀火竜の尻尾,1,,
ヘリオスコート,1,2,7,1,8,99,42,67,1,4,-1,2,-4,聴覚保護,1,重撃,2,水属性攻撃,1,加護,-2,,,大海龍の甲皮,2,神秘の発光体,1,銀火竜の尻尾,1,,
セレネコイル,2,1,7,1,8,99,84,119,0,3,-2,1,-5,聴覚保護,3,重撃,2,水属性攻撃,1,加護,-2,,,大海龍の甲皮,2,神秘の発光体,1,銀火竜の尻尾,1,,
セレネコート,2,2,7,1,8,99,42,67,1,4,-1,2,-4,聴覚保護,1,重撃,2,水属性攻撃,1,加護,-2,,,大海龍の甲皮,2,神秘の発光体,1,銀火竜の尻尾,1,,
エスカドラマイト,0,1,7,0,8,99,86,121,3,-2,-3,-3,-2,本気,1,属性耐性,3,回避距離,3,属性攻撃,2,気絶,-2,煌黒龍の逆鱗,4,煌黒龍の翼膜,1,炎龍の宝玉,1,,
エスカドラフォルス,0,2,7,0,8,99,43,68,4,-1,-2,-2,-1,本気,1,属性耐性,3,回避距離,3,属性攻撃,2,気絶,-2,煌黒龍の逆鱗,4,煌黒龍の翼膜,1,炎龍の宝玉,1,,
三眼の腰飾り,0,0,5,3,4,99,18,61,0,0,3,-3,1,,,,,,,,,,,カブレライト鉱石,3,ノヴァクリスタル,2,,,,
EXキリンＵフープ,0,1,7,2,7,99,1,116,0,0,1,6,3,属性解放,2,属性耐性,3,運気,-3,属性攻撃,1,,,幻獣チケット,1,キリンの上皮,3,キリンの蒼角,5,ギルドチケットＧ,1
EXキリンＵショルト,0,2,7,2,7,99,1,66,1,1,2,7,4,属性解放,3,属性耐性,2,運気,-3,属性攻撃,1,,,幻獣チケット,1,キリンの上皮,3,キリンの蒼角,5,ギルドチケットＧ,1
キャプテンＪコイル,0,1,7,0,4,99,26,99,-3,-3,-3,-3,-3,剥ぎ取り,4,運気,2,捕獲,2,加護,-3,,,海賊Ｊチケット,1,獄狼竜の堅殻,2,蝕龍蟲,2,獄狼竜の昏玉,1
キャプテンＪスカート,0,2,7,0,4,99,13,57,-2,-2,-2,-2,-2,剥ぎ取り,4,運気,2,捕獲,2,加護,-3,,,海賊Ｊチケット,1,獄狼竜の堅殻,2,蝕龍蟲,2,獄狼竜の昏玉,1
EXインゴットコイル,0,1,7,1,4,99,41,102,-2,-2,2,0,0,砲術,3,ガード強化,2,納刀,3,気まぐれ,-3,,,蛇と蛙チケット,1,フルクライト鉱石,18,カワズの殿油,3,ギルドチケットＳ,1
EXインゴットコート,0,2,7,1,4,99,21,62,-1,-1,3,1,1,反動,2,砲術,4,散弾強化,1,気まぐれ,-3,,,蛇と蛙チケット,1,フルクライト鉱石,18,カワズの殿油,3,ギルドチケットＳ,1
伝説Ｊコイル,0,1,7,2,4,99,44,99,-4,-4,-4,-4,-4,強欲,1,匠,2,剥ぎ取り,1,加護,-3,,,伝説Ｊの海賊帽,1,獄炎の龍鱗,3,炎王龍の堅殻,2,炎龍の塵粉,3
伝説Ｊスカート,0,2,7,2,4,99,22,57,-3,-3,-3,-3,-3,強欲,3,剥ぎ取り,2,装填数,2,加護,-3,,,伝説Ｊの海賊帽,1,獄炎の龍鱗,3,炎王龍の堅殻,2,炎龍の塵粉,3
坊屋ベルト,0,1,7,0,4,99,44,110,1,1,1,1,1,攻撃,5,気力回復,4,気配,-4,,,,,鈴蘭最強の証,2,ギルドチケットＳ,2,イーオスの上皮,5,鳥竜玉,3
坊屋バックル,0,2,7,0,4,99,22,64,2,2,2,2,2,攻撃,5,気力回復,4,気配,-4,,,,,鈴蘭最強の証,2,ギルドチケットＳ,2,イーオスの上皮,5,鳥竜玉,3
ユニクロポーチ,0,1,7,2,4,99,44,112,-3,1,0,4,0,聴覚保護,2,回避距離,3,食事,-2,耐寒,2,,,ユニクロチケット,1,黒轟竜の堅殻,2,黒轟竜の上鱗,3,狂竜結晶の欠片,2
ユニクロポシェット,0,2,7,2,4,99,22,65,-2,2,1,5,1,聴覚保護,2,回避距離,3,食事,-2,耐寒,2,,,ユニクロチケット,1,黒轟竜の堅殻,2,黒轟竜の上鱗,3,狂竜結晶の欠片,2
スタールークコイル,0,1,7,2,4,99,52,114,0,0,0,0,0,闘魂,3,不動,3,乗り,2,,,,,スタジオＧパス,2,金火竜の堅殻,2,蒼火竜の上鱗,2,雌火竜の紅玉,1
スタールークコート,0,2,7,2,4,99,26,65,1,1,1,1,1,闘魂,2,不動,1,乗り,3,,,,,スタジオＧパス,2,金火竜の堅殻,2,蒼火竜の上鱗,2,雌火竜の紅玉,1
ゾディアスコイル,0,1,7,0,4,99,52,116,1,1,1,1,1,胴系統倍化,1,,,,,,,,,冥天の星くず,2,鋼の龍鱗,5,鋼龍の翼膜,2,古龍の血,1
ゾディアスコート,0,2,7,0,4,99,26,65,2,2,2,2,2,胴系統倍化,1,,,,,,,,,冥天の星くず,2,鋼の龍鱗,5,鋼龍の翼膜,2,古龍の血,1
勇者のベルト,0,1,7,0,4,99,52,116,2,2,2,2,2,属性解放,2,採取,3,運気,3,気力回復,-4,,,トライフォース,1,金獅子の尻尾,2,キリンの上皮,3,超電雷光虫,4
勇者のバンド,0,2,7,0,4,99,26,65,3,3,3,3,3,属性解放,2,採取,3,運気,3,気力回復,-4,,,トライフォース,1,金獅子の尻尾,2,キリンの上皮,3,超電雷光虫,4
EXアーティアコイル,0,1,7,2,8,99,52,109,0,-3,-3,2,3,属性解放,3,ガード強化,3,研ぎ師,-3,,,,,金獅子チケット,1,太古の破片,5,金獅子の尖爪,5,ギルドチケットＧ,1
EXアーティアコート,0,2,7,2,8,99,26,63,1,-2,-2,3,4,装填速度,-3,反動,4,速射,2,,,,,金獅子チケット,1,太古の破片,5,金獅子の尖爪,5,ギルドチケットＧ,1
EXゴアフォールド,0,1,7,2,8,99,58,111,-5,3,-3,2,-2,細菌学,2,匠,2,闘魂,2,火耐性,-3,,,黒蝕竜チケット,1,天廻龍の堅殻,5,黒蝕竜の闇玉,2,ギルドチケットＧ,1
EXゴアコート,0,2,7,2,8,99,29,64,-4,4,-2,3,-1,細菌学,2,闘魂,2,装填数,2,火耐性,-3,,,黒蝕竜チケット,1,天廻龍の堅殻,5,黒蝕竜の闇玉,2,ギルドチケットＧ,1
EXリベリオンコイル,0,1,7,0,8,99,81,118,3,3,-2,-2,-3,怒,3,回避術,1,攻撃,-3,狂撃耐性,1,,,蛇王龍チケット,1,蛇王龍の尾鱗,6,蛇王龍の鉤爪,4,凶星の破片,2
EXライオットコート,0,2,7,0,8,99,41,67,4,4,-1,-1,-2,怒,3,回避術,1,攻撃,-3,狂撃耐性,1,,,蛇王龍チケット,1,蛇王龍の尾鱗,6,蛇王龍の鉤爪,4,凶星の破片,2
ミラバルウイング,0,1,7,0,8,99,86,121,2,-1,1,-3,-7,怒,2,防御,-3,斬れ味,3,スタミナ,3,,,黒龍の紅殻,3,黒龍の紅鱗,2,黒龍の紅翼,1,黒龍の紅角,1
ミラバルテイル,0,2,7,0,8,99,43,63,3,0,2,-2,-6,怒,2,防御,-3,スタミナ,3,通常弾強化,3,,,黒龍の紅殻,3,黒龍の紅鱗,2,黒龍の紅翼,1,黒龍の紅角,1
